Product_ID,Name,Category,Sub-category,Supplier_ID,Cost,Product Specifications,Ratings,Reviews
P00001,Electronix Smartphone,Electronics,Smartphones,SUP01,299.99,"64GB, 5G capable",4.5,Excellent performance
P00002,Global Textile Jacket,Clothing,Outerwear,SUP02,79.99,"Water-resistant, Size: M",4.2,Comfortable and stylish
P00003,Elegant Sofa,Home Goods,Furniture,SUP03,499.99,"Leather, 3-seater",4.1,Durable and elegant
P00004,Quick Freeze Refrigerator,Appliances,Kitchen,SUP04,349.99,"200L, Energy-efficient",3.8,Spacious and efficient
P00005,Gadget Tablet,Electronics,Tablets,SUP05,199.99,"10-inch screen, 32GB",4.4,User-friendly and fast
P00006,Adventure Tent,Outdoor,Camping,SUP06,99.99,"4-person, Waterproof",4.3,Easy setup and robust
P00007,Luxe Moisturizer,Beauty,Cosmetics,SUP07,29.99,"50ml, Anti-aging",4.6,Nourishing and effective
P00008,Organic Apples,Grocery,Fruits,SUP08,2.99,"Fresh, 1 lb",4.7,Crisp and juicy
P00009,Auto Brake Pads,Auto,Parts,SUP09,39.99,"For sedans, High durability",4.2,Reliable performance
P00010,Pharma Pain Reliever,Health,Pharmaceuticals,SUP10,9.99,"500mg, Pack of 20",4.8,Fast relief
P00011,Tech USB Drive,Electronics,Accessories,SUP11,19.99,"32GB, USB 3.0",4.5,Fast and portable
P00012,Office Chair,Office,Furniture,SUP12,129.99,"Ergonomic, Adjustable",4.1,Comfortable for long hours
P00013,Power Drill,Tools,Power Tools,SUP13,89.99,"Cordless, 18V",4.3,Powerful and efficient
P00014,Kitchen Blender,Appliances,Kitchenware,SUP14,49.99,"500W, Glass jar",4.0,Easy to use and clean
P00015,Sports Sneakers,Clothing,Footwear,SUP15,59.99,"Running, Size 10",4.4,Lightweight and comfortable
P00016,Construction Helmet,Industrial,Safety,SUP16,24.99,"Impact-resistant, Adjustable",4.6,Safe and durable
P00017,Kids Puzzle,Toys,Games,SUP17,14.99,"100 pieces, Ages 3+",4.5,Fun and educational
P00018,Organic Milk,Grocery,Dairy,SUP18,3.99,"1 gallon, Grass-fed",4.7,Fresh and creamy
P00019,Athletic T-shirt,Clothing,Sportswear,SUP19,19.99,"Breathable fabric, Size: L",4.3,Stylish and comfortable
P00020,Art Canvas,Arts,Crafts,SUP20,7.99,"16x20 inches, Cotton",4.2,High quality
P00021,LED Bulbs,Home Goods,Lighting,SUP21,4.99,"10W, Energy-saving",4.8,Bright and long-lasting
P00022,Sanitizer Spray,Health,Hygiene,SUP22,5.99,"500ml, Kills 99.9% germs",4.6,Effective and gentle
P00023,Dog Food,Pets,Food,SUP23,29.99,"20 lb, Chicken flavor",4.4,Nutritious and tasty
P00024,Luxury Armchair,Home Goods,Furniture,SUP24,399.99,"Velvet, Comfortable",4.5,Elegant design
P00025,Best Seller Novel,Books,Fiction,SUP25,14.99,"Paperback, 300 pages",4.7,Captivating story
P00026,Wireless Headphones,Electronics,Audio,SUP26,59.99,"Bluetooth, Noise-canceling",4.6,Great sound quality
P00027,Vitamin Supplements,Health,Wellness,SUP27,19.99,"Multivitamins, 60 capsules",4.5,Effective supplement
P00028,High-performance Laptop,Electronics,Computers,SUP28,799.99,"16GB RAM, 256GB SSD",4.7,Fast and reliable
P00029,Garden Hose,Home Goods,Gardening,SUP29,29.99,"50 ft, Flexible",4.3,Durable and kink-resistant
P00030,Fresh Salmon,Food,Seafood,SUP30,12.99,"Wild-caught, 1 lb",4.8,Fresh and flavorful
P00031,Modern Denim Jacket,Clothing,Jackets,SUP31,69.99,"Denim, Size M-L",4.2,Stylish and durable
P00032,Innovative Smartwatch,Electronics,Wearables,SUP32,149.99,"Heart Rate, GPS, Waterproof",4.5,Versatile and accurate
P00033,Organic Almonds,Grocery,Nuts,SUP33,10.99,"Raw, 1 lb",4.6,Fresh and healthy
P00034,Athletic Sneakers,Clothing,Footwear,SUP34,59.99,"Running, Size 8-12",4.3,Comfortable for sports
P00035,Educational Toy Set,Toys,Education,SUP35,29.99,"Ages 3-5, Learning",4.7,Fun and educational
P00036,Gourmet Pasta,Grocery,Specialty Foods,SUP36,4.99,"Organic, 500g",4.4,Delicious and easy to cook
P00037,Wellness Vitamins,Health,Supplements,SUP37,15.99,"Multivitamin, 60 capsules",4.5,Effective and beneficial
P00038,Power Drill Set,Tools,Power Tools,SUP38,89.99,"Cordless, 18V, Multiple heads",4.3,Powerful and versatile
P00039,LED Television,Electronics,TVs,SUP39,299.99,"4K, 55 inch",4.6,Clear picture quality
P00040,Office Desk,Home Goods,Furniture,SUP40,199.99,"Wood, 5ft, Drawers",4.4,Sturdy and spacious
P00041,Solar Panel Kit,Electronics,Sustainable Tech,SUP41,149.99,"100W, DIY installation",4.8,Eco-friendly and efficient
P00042,Car Stereo System,Auto,Accessories,SUP42,99.99,"Bluetooth, Handsfree",4.5,"Great sound, easy install"
P00043,Dog Bed,Pets,Beds,SUP43,39.99,"Large, Washable",4.7,Comfortable and durable
P00044,Designer Handbag,Clothing,Accessories,SUP44,199.99,"Leather, Various colors",4.6,Elegant and high quality
P00045,Camping Stove,Outdoor,Cooking,SUP45,59.99,"Portable, Propane",4.4,Convenient for outdoor cooking
P00046,Non-stick Cookware Set,Home Goods,Kitchenware,SUP46,79.99,"10 piece, Dishwasher safe",4.5,"Easy to clean, durable"
P00047,Skincare Serum,Beauty,Skincare,SUP47,24.99,"Anti-aging, 30ml",4.8,Effective and gentle
P00048,Bestselling Novel,Books,Fiction,SUP48,12.99,"Paperback, 300 pages",4.7,Captivating and well-written
P00049,Wall Art,Home Goods,Decor,SUP49,45.99,"Canvas, 24x36 inches",4.6,Beautiful and modern
P00050,Bluetooth Speaker,Electronics,Audio,SUP50,49.99,"Portable, Waterproof",4.7,Excellent sound quality
P00051,Acoustic Guitar,Music,Instruments,SUP51,199.99,"Wooden, 6 strings",4.8,Great tone and build
P00052,Yoga Mat,Sports,Fitness,SUP52,29.99,"Non-slip, 6mm",4.9,Comfortable and durable
P00053,Printer Cartridge,Office,Supplies,SUP53,34.99,"Inkjet, Black",4.3,Long-lasting and clear prints
P00054,Organic Cereal,Grocery,Breakfast,SUP54,3.99,"Gluten-free, 500g",4.6,Healthy and tasty
P00055,Tool Set,Tools,Hand Tools,SUP55,69.99,"20-piece, Variety of sizes",4.4,Comprehensive and handy
P00056,Casual T-shirt,Clothing,Tops,SUP56,19.99,"Cotton, Various sizes",4.5,Soft and comfortable
P00057,Laptop Bag,Electronics,Accessories,SUP57,39.99,"Padded, Fits 15-inch laptops",4.6,Stylish and functional
P00058,Art Supplies Kit,Arts,Crafts,SUP58,24.99,"Pencils, Paints, Brushes",4.8,Great for beginners
P00059,Power Washer,Home Goods,Tools,SUP59,129.99,"Electric, High pressure",4.7,Efficient and powerful
P00060,Garden Furniture Set,Home Goods,Outdoor,SUP60,299.99,"Metal, 4 seats",4.6,Sturdy and elegant
P00061,Adventure Backpack,Outdoor,Camping,SUP45,49.99,"30L, Waterproof",4.6,Durable and spacious
P00062,Gourmet Olive Oil,Grocery,Cooking Essentials,SUP36,12.99,"Extra virgin, 500ml",4.8,Rich flavor
P00063,Portable Blender,Home Goods,Kitchen Appliances,SUP14,29.99,"Battery-operated, 300ml",4.5,Convenient for travel
P00064,Luxury Facial Cream,Beauty,Skin Care,SUP07,59.99,"50ml, Anti-aging formula",4.7,Nourishes and revitalizes
P00065,Organic Quinoa,Grocery,Grains,SUP33,5.99,"Gluten-free, 1 lb",4.5,Nutritious and easy to cook
P00066,Ergonomic Office Chair,Office,Furniture,SUP40,129.99,"Adjustable, Lumbar support",4.4,Comfortable for long hours
P00067,Electric Skateboard,Sports,Outdoor Recreation,SUP80,199.99,"Wireless remote, 15 mph",4.7,Fun and fast
P00068,Smart Home Hub,Electronics,Smart Home,SUP39,89.99,"Voice control, Wi-Fi",4.6,Integrates well with devices
P00069,Designer Sunglasses,Fashion,Accessories,SUP44,99.99,"UV protection, Polarized",4.8,Stylish and protective
P00070,Wireless Earbuds,Electronics,Audio,SUP26,39.99,"Bluetooth 5.0, Noise-cancelling",4.7,Clear sound quality
P00071,Eco-Friendly Yoga Mat,Sports,Fitness,SUP81,24.99,"Non-toxic material, 6mm",4.9,Grippy and sustainable
P00072,Action Camera,Electronics,Cameras,SUP32,119.99,"4K, Waterproof",4.5,Great for adventure sports
P00073,Kids Educational Tablet,Toys,Electronics,SUP35,69.99,"Parental controls, Learning apps",4.6,Educational and fun
P00074,Protein Powder,Health,Supplements,SUP37,29.99,"Whey, 1 kg, Vanilla",4.8,"Builds muscle, tastes great"
P00075,Electric Toothbrush,Personal Care,Dental,SUP47,49.99,"Rechargeable, Timer",4.7,Efficient cleaning
P00076,Modern Floor Lamp,Home Goods,Lighting,SUP21,79.99,"LED, Adjustable height",4.5,Elegant and bright
P00077,Leather Wallet,Fashion,Accessories,SUP44,29.99,"Genuine leather, Multiple slots",4.7,Durable and sleek
P00078,Organic Cotton Sheets,Home Goods,Bedding,SUP02,59.99,"Queen size, 400 thread count",4.6,Soft and comfortable
P00079,High-Speed Router,Electronics,Networking,SUP57,99.99,"Wi-Fi 6, Dual-band",4.8,Fast and reliable
P00080,Artisan Bread Maker,Home Goods,Kitchen Appliances,SUP14,129.99,"Multiple settings, 2 lb loaf",4.7,"Easy to use, great results"
P00081,Fitness Smartwatch,Sports,Technology,SUP52,149.99,"Heart rate, GPS, Waterproof",4.8,Accurate and durable
P00082,Handcrafted Coffee Mug,Home Goods,Kitchenware,SUP49,14.99,"Ceramic, 12 oz",4.6,Unique and sturdy
P00083,LED Desk Lamp,Office,Accessories,SUP21,34.99,"Dimmable, USB charging",4.7,Versatile and modern
P00084,Organic Dog Food,Pets,Food,SUP23,39.99,"Chicken, 20 lb",4.8,Healthy and dogs love it
P00085,Acoustic Guitar,Music,Instruments,SUP51,199.99,"Wooden, Full size",4.9,"Great sound, well-built"
P00086,Running Shoes,Sports,Footwear,SUP34,59.99,"Breathable, Size 9-11",4.7,Lightweight and supportive
P00087,Drone with Camera,Electronics,Drones,SUP83,249.99,"1080p, 20min flight time",4.8,"Easy to fly, great footage"
P00088,Travel Backpack,Outdoor,Gear,SUP45,69.99,"40L, Laptop compartment",4.7,Spacious and durable
P00089,Linen Dress,Clothing,Women's Wear,SUP31,49.99,"Summer, Size S-M",4.6,Cool and comfortable
P00090,Bluetooth Keyboard,Electronics,Accessories,SUP28,29.99,"Wireless, Compact",4.7,Responsive and portable
P00091,Stainless Steel Cookware Set,Home Goods,Cookware,SUP46,149.99,"10-piece, Induction compatible",4.8,High-quality and versatile
P00092,Elegant Table Lamp,Home Goods,Decor,SUP24,59.99,"Ceramic base, Fabric shade",4.6,Adds a cozy touch
P00093,Camping Sleeping Bag,Outdoor,Camping,SUP45,39.99,"0°F, Waterproof",4.7,Warm and comfortable
P00094,Organic Body Wash,Personal Care,Hygiene,SUP07,9.99,"500ml, Lavender scent",4.8,Gentle and relaxing
P00095,Hybrid Bicycle,Sports,Cycling,SUP80,299.99,"21-speed, Aluminum frame",4.7,"Smooth ride, durable"
P00096,Gourmet Cheese,Grocery,Dairy,SUP36,8.99,"Aged Cheddar, 8 oz",4.9,Rich and flavorful
P00097,Compact Juicer,Home Goods,Kitchen Appliances,SUP14,49.99,"500W, 2-speed",4.6,"Easy to clean, efficient"
P00098,Graphic Novel,Books,Comics,SUP48,19.99,"Hardcover, 200 pages",4.8,"Visually stunning, great story"
P00099,Silk Scarf,Fashion,Accessories,SUP31,24.99,"100% Silk, Various patterns",4.7,Elegant and soft
P00100,Water Filter Pitcher,Home Goods,Kitchenware,SUP49,29.99,"10 cup, BPA-free",4.6,Effective and easy to use
P00101,Mountain Bike,Sports,Cycling,SUP34,399.99,"27-inch, 21-speed",4.7,Durable and smooth ride
P00102,Wireless Mouse,Electronics,Accessories,SUP11,24.99,"Ergonomic, USB rechargeable",4.5,Responsive and comfortable
P00103,Professional Hair Dryer,Beauty,Hair Care,SUP07,59.99,"Ionic, 1800W",4.6,"Quick drying, less frizz"
P00104,Fruit Blender,Home Goods,Kitchen Appliances,SUP14,34.99,"500W, 1L capacity",4.4,Efficient and easy to clean
P00105,Organic Cotton Shirts,Clothing,Men's Wear,SUP31,29.99,"Breathable, Sizes M-L",4.6,Soft and eco-friendly
P00106,Compact Flashlight,Outdoor,Equipment,SUP06,14.99,"LED, 200 lumens",4.7,Bright and durable
P00107,Running Leggings,Fashion,Activewear,SUP77,39.99,"Stretchable, Sizes S-L",4.8,Comfortable for workouts
P00108,Stainless Steel Kettle,Home Goods,Kitchenware,SUP46,29.99,"1.5L, Cordless",4.5,"Quick boiling, stylish"
P00109,Smart Thermostat,Electronics,Smart Home,SUP39,199.99,"Wi-Fi, Energy-saving",4.8,"Easy control, efficient"
P00110,Travel Suitcase,Travel,Luggage,SUP36,89.99,"Hardshell, 28 inches",4.6,Spacious and durable
P00111,Leather Dress Shoes,Fashion,Footwear,SUP56,79.99,"Genuine leather, Sizes 9-12",4.7,Elegant and comfortable
P00112,Portable Charger,Electronics,Power Banks,SUP28,19.99,"10000mAh, Dual USB",4.8,"Fast charging, compact"
P00113,Organic Baby Food,Grocery,Baby Products,SUP08,2.99,"Pureed, 6 months+",4.9,Healthy and natural
P00114,Cordless Vacuum Cleaner,Home Goods,Appliances,SUP40,149.99,"Lightweight, Bagless",4.7,Powerful and convenient
P00115,Designer Sunglasses,Fashion,Accessories,SUP44,99.99,"Polarized, UV protection",4.8,Stylish and protective
P00116,Drone with HD Camera,Electronics,Drones,SUP83,349.99,"1080p, 30min flight time",4.9,Stable and clear footage
P00117,Espresso Machine,Home Goods,Kitchen Appliances,SUP14,199.99,"15-bar, Milk frother",4.8,Barista-quality coffee
P00118,Camping Cookware Set,Outdoor,Cooking,SUP45,49.99,"Non-stick, Lightweight",4.7,Perfect for camping trips
P00119,Gaming Keyboard,Electronics,Peripherals,SUP11,59.99,"Mechanical, RGB backlight",4.8,Responsive and flashy
P00120,Boxing Gloves,Sports,Boxing,SUP80,29.99,"Padded, 12 oz",4.6,Comfortable and protective
P00121,Skin Care Set,Beauty,Skin Care,SUP47,49.99,"Cleanser, Toner, Moisturizer",4.7,"Complete routine, nourishing"
P00122,Wall Clock,Home Goods,Decor,SUP49,24.99,"12-inch, Modern design",4.5,Elegant and accurate
P00123,Wireless Headphones,Electronics,Audio,SUP26,49.99,"Over-ear, Noise-canceling",4.7,"Great sound, comfortable"
P00124,Fitness Tracker,Sports,Technology,SUP52,59.99,"Heart rate, Sleep monitor",4.8,Accurate and motivating
P00125,Digital Camera,Electronics,Photography,SUP32,199.99,"20MP, 5x zoom",4.7,"High-quality images, easy to use"
P00126,Casual Sneakers,Fashion,Footwear,SUP56,49.99,"Canvas, Sizes 7-11",4.6,Stylish and versatile
P00127,Electric Kettle,Home Goods,Kitchen Appliances,SUP14,25.99,"1.7L, Auto shut-off",4.5,Quick and safe
P00128,Graphic T-shirt,Clothing,Casual Wear,SUP31,19.99,"Cotton, Various designs",4.6,Trendy and comfortable
P00129,Yoga Pants,Sports,Apparel,SUP81,34.99,"Stretchable, Sizes S-L",4.7,Flexible and durable
P00130,Robotic Vacuum Cleaner,Home Goods,Appliances,SUP40,249.99,"Auto-charging, App control",4.8,Efficient and smart
P00131,Hiking Boots,Outdoor,Footwear,SUP45,79.99,"Waterproof, Sizes 8-12",4.7,Sturdy and comfortable
P00132,Hand Mixer,Home Goods,Kitchen Appliances,SUP14,19.99,"5-speed, Attachments included",4.6,Convenient and powerful
P00133,LED Night Light,Home Goods,Lighting,SUP21,9.99,"Motion sensor, Soft glow",4.7,"Energy-efficient, safe"
P00134,High-Performance Laptop,Electronics,Computers,SUP28,899.99,"16GB RAM, 512GB SSD",4.8,Fast and reliable
P00135,Organic Body Lotion,Beauty,Skin Care,SUP07,14.99,"Hydrating, 250ml",4.6,"Nourishing, absorbs quickly"
P00136,Bluetooth Speaker,Electronics,Audio,SUP26,59.99,"Portable, Waterproof",4.7,"Great sound, durable"
P00137,Women's Running Shoes,Sports,Footwear,SUP34,69.99,"Lightweight, Sizes 6-9",4.8,Supportive and comfortable
P00138,Cooking Pot Set,Home Goods,Cookware,SUP46,99.99,"Stainless steel, 3-piece",4.7,"Durable, even heating"
P00139,Travel Guide Book,Books,Travel,SUP48,19.99,"Illustrated, 300 pages",4.8,Informative and engaging
P00140,Electric Scooter,Outdoor,Transport,SUP80,299.99,"15 mph, 15-mile range",4.7,Fun and eco-friendly
P00141,Tablet Computer,Electronics,Tablets,SUP05,299.99,"10-inch, 64GB",4.7,Powerful and versatile
P00142,Organic Herbal Tea,Grocery,Beverages,SUP08,4.99,"Green tea, 20 bags",4.6,Refreshing and healthy
P00143,Designer Jeans,Fashion,Men's Wear,SUP31,79.99,"Denim, Sizes 30-36",4.7,Stylish and durable
P00144,Camping Tent,Outdoor,Camping,SUP45,149.99,"4-person, Waterproof",4.8,Spacious and easy to set up
P00145,Electric Guitar,Music,Instruments,SUP51,399.99,"Solid body, 6 strings",4.9,Excellent sound quality
P00146,Smart Security Camera,Electronics,Security,SUP39,99.99,"Wi-Fi, HD, Night vision",4.7,Secure and easy to install
P00147,Baseball Glove,Sports,Baseball,SUP80,49.99,"Leather, 12-inch",4.6,Comfortable and durable
P00148,Pressure Cooker,Home Goods,Kitchen Appliances,SUP14,89.99,"6L, Stainless steel",4.7,"Fast cooking, easy to use"
P00149,Wireless Game Controller,Electronics,Gaming,SUP32,59.99,"Bluetooth, Rechargeable",4.8,Responsive and ergonomic
P00150,Cotton Bath Towels,Home Goods,Bathroom,SUP03,19.99,"Soft, 30x60 inches",4.5,Absorbent and plush
P00151,Waterproof Backpack,Travel,Gear,SUP45,69.99,"30L, Durable",4.7,Ideal for outdoor activities
P00152,Noise-Cancelling Headphones,Electronics,Audio,SUP26,149.99,"Wireless, Over-ear",4.8,Superb sound isolation
P00153,Eco-Friendly Yoga Pants,Fashion,Activewear,SUP02,49.99,"Recycled material, S-L sizes",4.7,Comfortable and sustainable
P00154,LED Grow Light,Gardening,Equipment,SUP29,59.99,"Full spectrum, 50W",4.6,Promotes plant growth
P00155,Luxury Watch,Fashion,Accessories,SUP94,249.99,"Stainless steel, Water-resistant",4.8,Elegant and precise
P00156,Gourmet Coffee Beans,Grocery,Coffee,SUP08,14.99,"Whole bean, 1 lb",4.7,Rich and aromatic
P00157,Running Tights,Sports,Apparel,SUP80,39.99,"Moisture-wicking, S-L sizes",4.6,Supportive and breathable
P00158,Bluetooth Keyboard and Mouse,Electronics,Peripherals,SUP11,49.99,"Wireless, Rechargeable",4.7,Convenient and sleek
P00159,Professional Makeup Kit,Beauty,Cosmetics,SUP07,99.99,"Full set, Various shades",4.8,"High quality, long-lasting"
P00160,Organic Baby Onesies,Clothing,Baby Wear,SUP02,19.99,"100% Cotton, 0-12 months",4.7,Soft and gentle on skin
P00161,Smart Doorbell,Electronics,Home Security,SUP39,129.99,"HD video, Two-way audio",4.8,Secure and user-friendly
P00162,Telescopic Fishing Rod,Sports,Fishing,SUP80,34.99,"Carbon fiber, Portable",4.7,Lightweight and durable
P00163,LED Light Bulbs,Home Goods,Lighting,SUP21,7.99,"60W equivalent, 6-pack",4.6,Energy-efficient and bright
P00164,Leather Messenger Bag,Fashion,Accessories,SUP31,89.99,"Genuine leather, Laptop compartment",4.8,Stylish and practical
P00165,Insulated Water Bottle,Sports,Fitness,SUP52,19.99,"Stainless steel, 32oz",4.7,Keeps drinks hot or cold
P00166,Electric Skateboard,Sports,Outdoor Recreation,SUP80,249.99,"20 mph, 10-mile range",4.8,Fun and fast
P00167,Indoor Plant Pot,Gardening,Decor,SUP24,14.99,"Ceramic, 8 inches",4.6,Modern and durable
P00168,Organic Spice Set,Grocery,Cooking Essentials,SUP08,24.99,"Assorted, 6-pack",4.7,Flavorful and natural
P00169,Solar Garden Lights,Outdoor,Lighting,SUP41,29.99,"Pack of 4, Auto on/off",4.7,"Eco-friendly, decorative"
P00170,Smart Fitness Scale,Health,Wellness,SUP27,39.99,"Bluetooth, Body composition",4.8,Accurate and informative
P00171,Digital Photo Frame,Electronics,Home Decor,SUP39,59.99,"10-inch, Wi-Fi",4.7,"Easy to use, great display"
P00172,Handcrafted Leather Boots,Fashion,Footwear,SUP56,99.99,"Genuine leather, Sizes 8-12",4.9,Quality craftsmanship
P00173,Fitness Jump Rope,Sports,Fitness,SUP52,12.99,"Adjustable, Weighted handles",4.6,Effective for workouts
P00174,Organic Face Serum,Beauty,Skin Care,SUP07,34.99,"Vitamin C, 30ml",4.8,Brightens and revitalizes skin
P00175,Cast Iron Skillet,Home Goods,Cookware,SUP14,39.99,"Pre-seasoned, 10 inch",4.7,"Heats evenly, lasts long"
P00176,Dumbbell Set,Sports,Fitness,SUP52,49.99,"Adjustable, Total 20kg",4.8,Versatile and space-saving
P00177,Laptop Cooling Pad,Electronics,Accessories,SUP11,24.99,"USB powered, Adjustable height",4.6,Prevents overheating
P00178,Travel Guide Europe,Books,Travel,SUP48,22.99,"Updated edition, Maps included",4.7,Informative and detailed
P00179,Smart Light Switch,Electronics,Smart Home,SUP39,29.99,"Wi-Fi, Voice control",4.7,Convenient and modern
P00180,Organic Lip Balm,Beauty,Personal Care,SUP47,4.99,"Beeswax, 4-pack",4.8,Moisturizing and natural
P00181,Wireless Earbuds,Electronics,Audio,SUP05,129.99,"Noise-cancelling, Bluetooth 5.0",4.7,"Crisp sound, comfortable fit"
P00182,Organic Bath Soap,Beauty,Personal Care,SUP07,5.99,"Natural ingredients, 100g",4.6,Gentle and moisturizing
P00183,Smart Thermostat,Home Goods,Smart Home,SUP39,199.99,"Wi-Fi, Energy saving",4.8,"Easy control, efficient"
P00184,Mountain Bike,Sports,Cycling,SUP80,299.99,"21-speed, Aluminum frame",4.7,Sturdy and reliable
P00185,Ceramic Dinner Set,Home Goods,Kitchenware,SUP03,59.99,"16-piece, Dishwasher safe",4.6,"Elegant, durable"
P00186,Portable Projector,Electronics,Home Theater,SUP01,249.99,"HD, Wi-Fi enabled",4.8,Compact and powerful
P00187,Kitchen Knife Set,Home Goods,Cookware,SUP14,79.99,"Stainless steel, 6-piece",4.7,Sharp and ergonomic
P00188,Gaming Mouse,Electronics,Peripherals,SUP11,49.99,"High precision, RGB lighting",4.8,"Responsive, comfortable"
P00189,Sports Water Bottle,Sports,Fitness,SUP52,14.99,"1L, Leak-proof",4.6,"Durable, convenient"
P00190,Digital SLR Camera,Electronics,Photography,SUP32,499.99,"24MP, 18-55mm lens",4.8,"High quality, user-friendly"
P00191,Leather Wallet,Fashion,Accessories,SUP31,29.99,"Genuine leather, Multiple slots",4.7,Sleek and practical
P00192,Children's Storybook,Books,Children,SUP48,9.99,"Illustrated, 32 pages",4.8,Engaging and educational
P00193,Silk Bed Sheets,Home Goods,Bedding,SUP02,99.99,"Queen size, 100% silk",4.7,"Luxurious, comfortable"
P00194,Hand Blender,Home Goods,Kitchen Appliances,SUP14,29.99,"Multi-speed, Stainless steel",4.6,"Versatile, easy to clean"
P00195,LED Desk Lamp,Home Goods,Lighting,SUP21,39.99,"Adjustable, Touch control",4.7,"Bright, energy-saving"
P00196,Running Jacket,Sports,Apparel,SUP80,59.99,"Water-resistant, Reflective",4.8,"Lightweight, stylish"
P00197,Bluetooth Tracker,Electronics,Accessories,SUP05,24.99,"Key finder, App integrated",4.7,"Convenient, reliable"
P00198,Air Purifier,Home Goods,Appliances,SUP39,129.99,"HEPA filter, Quiet operation",4.8,"Effective, easy to use"
P00199,Solar-Powered Watch,Fashion,Watches,SUP94,199.99,"Eco-friendly, Water-resistant",4.9,"Innovative, durable"
P00200,Aromatherapy Diffuser,Home Goods,Wellness,SUP47,34.99,"Ultrasonic, 7 LED colors",4.7,"Relaxing, stylish"
P00201,Hammock with Stand,Outdoor,Camping,SUP45,89.99,"Portable, Easy setup",4.8,"Comfortable, durable"
P00202,Electric Juicer,Home Goods,Kitchen Appliances,SUP14,49.99,"800W, 2-speed",4.6,"Efficient, easy to clean"
P00203,4K Smart TV,Electronics,Televisions,SUP01,799.99,"55-inch, HDR",4.8,"Vivid picture, smart features"
P00204,Acoustic Guitar,Music,Instruments,SUP51,149.99,"Full size, Spruce top",4.7,"Rich sound, well-crafted"
P00205,Wireless Mouse,Electronics,Peripherals,SUP11,19.99,"Ergonomic, Battery-powered",4.6,"Smooth, reliable"
P00206,Leather Briefcase,Fashion,Bags,SUP31,129.99,"Premium leather, Laptop compartment",4.8,"Professional, spacious"
P00207,Fitness Tracker,Sports,Fitness,SUP52,59.99,"Heart rate, Activity tracking",4.7,"Accurate, motivating"
P00208,Yoga Mat,Sports,Yoga,SUP81,29.99,"Non-slip, Eco-friendly",4.8,"Comfortable, durable"
P00209,E-reader,Electronics,Reading Devices,SUP01,99.99,"6-inch, Backlit",4.7,"Portable, eye-friendly"
P00210,Cotton T-Shirts,Fashion,Men's Wear,SUP02,14.99,"Soft, Various colors",4.6,"Comfortable, classic"
P00211,Vacuum Cleaner,Home Goods,Appliances,SUP39,149.99,"Bagless, Multi-surface",4.8,"Powerful, easy to use"
P00212,Portable Speaker,Electronics,Audio,SUP26,69.99,"Bluetooth, Waterproof",4.7,"Loud, clear sound"
P00213,Board Game,Toys,Games,SUP88,29.99,"Strategy, 2-4 players",4.6,"Fun, challenging"
P00214,Hiking Boots,Outdoor,Footwear,SUP42,99.99,"Waterproof, Durable",4.8,"Comfortable, rugged"
P00215,Smartwatch,Fashion,Tech Accessories,SUP05,199.99,"Fitness tracking, Notifications",4.7,"Stylish, functional"
P00216,Drone,Electronics,Remote Control,SUP83,299.99,"HD camera, Easy to fly",4.9,"Exciting, high-tech"
P00217,Organic Body Lotion,Beauty,Skin Care,SUP07,14.99,"Moisturizing, Natural ingredients",4.6,"Nourishing, gentle"
P00218,Travel Pillow,Travel,Accessories,SUP35,19.99,"Memory foam, Neck support",4.7,"Comfortable, portable"
P00219,Espresso Machine,Home Goods,Kitchen Appliances,SUP14,149.99,"15-bar pressure, Milk frother",4.8,"Delicious coffee, easy to use"
P00220,Smart Lock,Electronics,Home Security,SUP39,179.99,"Wi-Fi, Keyless entry",4.7,"Secure, convenient"
P00221,Garden Lounger,Outdoor,Furniture,SUP60,89.99,"Adjustable, Weather-resistant",4.5,Comfortable and stylish
P00222,Performance T-shirt,Sports,Sportswear,SUP61,24.99,"Moisture-wicking, Size M-L",4.3,Breathable and durable
P00223,Chef's Knife,Kitchenware,Cutlery,SUP62,49.99,"Stainless steel, 8-inch blade",4.7,Sharp and well-balanced
P00224,Luxury Fabric Bundle,Fabrics,Textiles,SUP63,59.99,"Assorted patterns, 5 yards",4.6,"High quality, vibrant colors"
P00225,Decorative Plant Pot,Gardening,Decor,SUP64,14.99,"Ceramic, 10 inches",4.4,Elegant and sturdy
P00226,Eco Cleaning Kit,Cleaning,Supplies,SUP65,29.99,"Biodegradable, Multi-purpose",4.5,Effective and eco-friendly
P00227,Smartwatch Gadget,Tech,Gadgets,SUP66,149.99,"Touchscreen, Fitness tracking",4.6,Innovative and useful
P00228,Wooden Puzzle Toy,Toys,Games,SUP67,19.99,"Educational, Ages 2-4",4.7,Fun and stimulating
P00229,Leisure Hammock,Leisure,Outdoor,SUP68,59.99,"Portable, Cotton",4.3,Relaxing and durable
P00230,Cordless Drill,Tools,Power Tools,SUP69,79.99,"18V, Rechargeable battery",4.6,Efficient and powerful
P00231,Organic Protein Bar,Food,Health,SUP70,2.99,"Gluten-free, 10g protein",4.8,Tasty and nutritious
P00232,Ergonomic Keyboard,Office,Technology,SUP71,49.99,"Wireless, Backlit",4.4,Comfortable and responsive
P00233,Cat Toy Set,Pets,Toys,SUP72,14.99,"Assorted, Interactive",4.5,Entertaining and safe
P00234,Compact Sound System,Electronics,Audio,SUP73,119.99,"Bluetooth, Multi-room audio",4.7,High-quality sound
P00235,Running Shoes,Sports,Footwear,SUP74,69.99,"Lightweight, Sizes 8-12",4.5,Supportive and comfortable
P00236,Chocolate Truffles,Food,Snacks,SUP75,9.99,"Assorted flavors, 12 pack",4.8,Rich and indulgent
P00237,Premium Tea Collection,Food,Beverages,SUP76,19.99,"Assorted teas, 20 bags",4.6,Aromatic and flavorful
P00238,Urban Backpack,Fashion,Accessories,SUP77,49.99,"Water-resistant, 20L",4.4,Stylish and practical
P00239,Outdoor Backpack,Outdoor,Gear,SUP78,79.99,"40L, Water-resistant",4.7,Spacious and durable
P00240,Spa Bath Set,Beauty,Wellness,SUP79,34.99,"Bath bombs, Essential oils",4.5,Relaxing and luxurious
P00241,Skate Helmet,Sports,Safety,SUP80,29.99,"Impact-resistant, Adjustable",4.6,Safe and comfortable
P00242,Yoga Mat Bag,Sports,Accessories,SUP81,19.99,"Canvas, Fits standard mats",4.7,Convenient and stylish
P00243,Spice Rack Set,Kitchenware,Cooking,SUP82,39.99,"Wooden, 12 jars",4.6,Organized and accessible
P00244,Drone with Camera,Tech,Electronics,SUP83,249.99,"1080p, 20 min flight",4.7,Stable and clear footage
P00245,Modern Desk Lamp,Lighting,Home Decor,SUP84,49.99,"LED, Adjustable arm",4.5,Sleek and bright
P00246,Art Supplies Kit,Crafts,Materials,SUP85,29.99,"Pencils, Paints, Canvas",4.6,Great for creativity
P00247,Recycled Notepad Set,Office,Supplies,SUP86,12.99,"A5, Lined, 5-pack",4.4,Eco-friendly and useful
P00248,Eco-Friendly Tote Bag,Fashion,Bags,SUP87,14.99,"Reusable, Cotton canvas",4.7,Sturdy and stylish
P00249,Board Game Bundle,Games,Family,SUP88,59.99,"Assorted, 4 games",4.8,Hours of fun
P00250,Natural Lipstick,Beauty,Cosmetics,SUP89,19.99,"Long-lasting, Various shades",4.5,Vibrant and moisturizing
P00251,Kitchen Organizer Set,Home Goods,Storage,SUP90,34.99,"Plastic, Multi-piece",4.4,Space-saving and neat
P00252,Innovative Alarm Clock,Tech,Gadgets,SUP91,24.99,"Wake-up light, USB charging",4.6,Effective and modern
P00253,Startup Guide Book,Books,Technology,SUP92,29.99,"Hardcover, Business tips",4.7,Inspirational and informative
P00254,Kids Hoodie,Clothing,Children,SUP93,24.99,"Cotton, Sizes 4-10",4.5,Warm and comfortable
P00255,Elegant Watch,Fashion,Accessories,SUP94,79.99,"Stainless steel, Quartz movement",4.6,Classic and precise
P00256,Car Diagnostic Tool,Automotive,Tools,SUP95,49.99,"OBD2, Bluetooth",4.7,Useful and accurate
P00257,Organic Trail Mix,Food,Snacks,SUP96,6.99,"Nuts, Seeds, Dried fruit",4.6,Healthy and energizing
P00258,Outdoor Lounge Chair,Home Goods,Furniture,SUP97,99.99,"Folding, Weather-resistant",4.5,Comfortable and stylish
P00259,Professional Baseball Glove,Sports,Equipment,SUP98,59.99,"Leather, 12-inch",4.7,Durable and comfortable
P00260,Hi-Fi Speaker System,Electronics,Audio,SUP99,199.99,"Wireless, Multi-room",4.8,"Crisp sound, elegant design"
P00261,Aromatherapy Diffuser,Home Goods,Wellness,SUP100,29.99,"Ultrasonic, Essential oils",4.6,Calming and fragrant
P00262,Modern Office Chair,Home Goods,Furniture,SUP40,139.99,"Ergonomic design, Adjustable",4.4,Comfortable for long hours
P00263,Solar Power Bank,Tech,Sustainable Tech,SUP41,49.99,"10000mAh, Portable",4.6,Efficient and eco-friendly
P00264,Car Seat Covers,Auto,Accessories,SUP42,59.99,"Universal fit, Easy to clean",4.3,Durable and stylish
P00265,Organic Dog Food,Pets,Food,SUP43,34.99,"Grain-free, Chicken flavor",4.7,Nutritious and loved by pets
P00266,Designer Sunglasses,Fashion,Accessories,SUP44,129.99,"UV protection, Polarized",4.5,Elegant and protective
P00267,Camping Lantern,Outdoor,Gear,SUP45,24.99,"LED, Rechargeable",4.6,Bright and long-lasting
P00268,Stainless Steel Cookware Set,Home Goods,Kitchenware,SUP46,89.99,"Non-stick, Oven safe",4.7,Durable and versatile
P00269,Luxury Makeup Kit,Beauty,Cosmetics,SUP47,79.99,"Assorted items, High-quality",4.8,Complete and elegant
P00270,Inspirational Memoir,Books,Non-Fiction,SUP48,19.99,"Hardcover, 300 pages",4.5,Uplifting and powerful
P00271,Decorative Vase,Home Decor,Decor,SUP49,45.99,"Ceramic, Hand-painted",4.7,Stylish and unique
P00272,Bluetooth Alarm Clock,Home Goods,Accessories,SUP50,29.99,"Digital display, FM radio",4.6,Convenient and modern
P00273,Acoustic Guitar,Music,Instruments,SUP51,199.99,"Wooden, 6 strings",4.8,Great sound and build quality
P00274,Exercise Bike,Sports,Fitness Equipment,SUP52,259.99,"Adjustable resistance, LCD monitor",4.7,Sturdy and effective
P00275,Wireless Charging Pad,Office,Tech,SUP53,34.99,"Fast charge, Universal compatibility",4.5,Convenient and sleek
P00276,Organic Honey,Grocery,Food Items,SUP54,7.99,"Raw, 16 oz",4.8,Natural and sweet
P00277,Power Drill Set,Tools,Hardware,SUP55,89.99,"Cordless, Multiple bits",4.7,Powerful and versatile
P00278,Casual T-Shirt,Clothing,Tops,SUP56,19.99,"Cotton, Various sizes",4.6,Soft and durable
P00279,Gaming Laptop,Electronics,Computers,SUP57,999.99,"16GB RAM, 512GB SSD, RTX GPU",4.9,"High performance, sleek design"
P00280,Watercolor Paint Set,Arts,Craft Materials,SUP58,24.99,"12 colors, Brushes included",4.6,Vibrant and easy to use
P00281,Power Tool Combo Kit,Home Solutions,DIY Tools,SUP59,159.99,"Drill, Saw, Sander",4.7,Versatile and handy
P00282,Garden Statue,Outdoor,Decor,SUP60,49.99,"Resin, Weather-resistant",4.5,Charming and durable
P00283,Performance Leggings,Sports,Fitness Gear,SUP61,39.99,"Stretchable, Moisture-wicking",4.6,Comfortable for workouts
P00284,Professional Chef's Knife,Kitchenware,Cooking Tools,SUP62,59.99,"Stainless steel, 8-inch",4.8,Sharp and balanced
P00285,Fabric Sewing Kit,Crafts,Sewing Supplies,SUP63,29.99,"Assorted fabrics, Needles, Thread",4.7,Comprehensive and high-quality
P00286,Herb Growing Kit,Gardening,Plants,SUP64,34.99,"Indoor, LED light",4.6,Easy and fun to grow
P00287,Multi-Surface Cleaner,Cleaning,Household Tools,SUP65,12.99,"Natural, 32 oz",4.5,Effective and safe
P00288,Smart Fitness Tracker,Tech,Gadgets,SUP66,49.99,"Heart rate, Step counter",4.7,Accurate and stylish
P00289,Wooden Puzzle Toy,Toys,Games,SUP67,14.99,"Educational, Non-toxic",4.6,Fun and engaging for kids
P00290,Hammock with Stand,Leisure,Outdoor,SUP68,89.99,"Portable, Cotton canvas",4.7,Relaxing and sturdy
P00291,Cordless Leaf Blower,Tools,Workshop Equipment,SUP69,99.99,"Battery-powered, Lightweight",4.6,Efficient and easy to use
P00292,Organic Protein Powder,Food,Health Products,SUP70,29.99,"Vegan, Chocolate flavor",4.7,Nutritious and delicious
P00293,Ergonomic Office Chair,Office,Technology,SUP71,139.99,"Adjustable, Lumbar support",4.5,Comfortable for long hours
P00294,Cat Scratching Post,Pets,Pet Toys,SUP72,29.99,"Sisal, Interactive toys",4.6,Durable and entertaining
P00295,Portable Bluetooth Speaker,Electronics,Sound Systems,SUP73,59.99,"Waterproof, Long battery life",4.8,Great sound quality
P00296,Running Shoes,Fashion,Athletic Wear,SUP74,69.99,"Breathable, Sizes 7-12",4.7,Comfortable and durable
P00297,Gourmet Chocolate Snacks,Food,Confectionery,SUP75,12.99,"Assorted, Premium quality",4.8,Delicious and indulgent
P00298,Tea Infuser Set,Kitchenware,Brewing Equipment,SUP76,19.99,"Stainless steel, 4-piece",4.6,Elegant and practical
P00299,Urban Backpack,Fashion,Bags,SUP77,59.99,"Water-resistant, Multiple pockets",4.7,Stylish and functional
P00300,Hiking Backpack,Outdoor,Gear,SUP78,69.99,"40L, Durable",4.8,Spacious and comfortable
P00301,Spa Bath Set,Wellness,Spa Supplies,SUP79,39.99,"Bath salts, Essential oils",4.7,Relaxing and rejuvenating
P00302,Action Camera,Tech,Equipment,SUP80,119.99,"4K, Waterproof",4.8,Versatile and high quality
P00303,Yoga Mat,Sports,Fitness Clothing,SUP81,29.99,"Non-slip, Eco-friendly",4.7,Durable and comfortable
P00304,Gourmet Spice Rack,Kitchenware,Culinary Ingredients,SUP82,59.99,"Wooden, 18 jars",4.8,Aromatic and convenient
P00305,RC Drone,Tech,Drone Technology,SUP83,149.99,"720p camera, 15 min flight",4.6,Fun and easy to control
P00306,Electronix Smartphone Pro,Electronics,Smartphones,SUP01,399.99,"128GB, 5G, Advanced camera",4.6,"Superior performance, high-quality camera"
P00307,Global Textile Winter Jacket,Clothing,Outerwear,SUP02,99.99,"Water-resistant, Insulated, Size: M",4.3,Warm and stylish for winter
P00308,Elegant Sofa Deluxe,Home Goods,Furniture,SUP03,599.99,"Leather, 4-seater, Extra comfort",4.2,Luxurious and spacious
P00309,Quick Freeze Refrigerator Plus,Appliances,Kitchen,SUP04,399.99,"250L, Energy-efficient, Frost-free",4.0,More space and efficient cooling
P00310,Gadget Tablet Plus,Electronics,Tablets,SUP05,249.99,"12-inch screen, 64GB",4.5,"Larger screen, more storage"
P00311,Adventure Tent XL,Outdoor,Camping,SUP06,119.99,"6-person, Waterproof, Extra space",4.4,Spacious and robust for families
P00312,Luxe Moisturizer Plus,Beauty,Cosmetics,SUP07,39.99,"100ml, Anti-aging, Extra hydration",4.7,"Deeply nourishing, long-lasting effect"
P00313,Organic Apples Premium,Grocery,Fruits,SUP08,3.99,"Fresh, 1.5 lb, Hand-picked",4.8,Extra crisp and juicy
P00314,Auto Brake Pads Advanced,Auto,Parts,SUP09,49.99,"For SUVs, Enhanced durability",4.3,Higher performance for larger vehicles
P00315,Pharma Pain Reliever Extra,Health,Pharmaceuticals,SUP10,11.99,"650mg, Pack of 20, Fast-acting",4.9,"Quicker relief, higher dose"
P00316,Tech USB Drive XL,Electronics,Accessories,SUP11,24.99,"64GB, USB 3.1",4.6,"Higher capacity, faster transfer"
P00317,Executive Office Chair,Office,Furniture,SUP12,159.99,"Ergonomic, Leather, Adjustable",4.2,Premium comfort for executives
P00318,Power Drill Pro,Tools,Power Tools,SUP13,109.99,"Cordless, 20V, Extra torque",4.4,"More power, longer battery life"
P00319,Kitchen Blender Pro,Appliances,Kitchenware,SUP14,69.99,"700W, Glass jar, Multiple settings",4.1,"More powerful, versatile blending options"
P00320,Sports Sneakers Plus,Clothing,Footwear,SUP15,79.99,"Running, Enhanced cushioning, Size 10",4.5,Extra comfort for longer runs
P00321,Construction Helmet Pro,Industrial,Safety,SUP16,29.99,"Impact-resistant, Adjustable, Visor",4.7,Enhanced safety with visor
P00322,Kids Puzzle Advanced,Toys,Games,SUP17,19.99,"200 pieces, Ages 4+",4.6,More challenging and educational
P00323,Organic Milk Plus,Grocery,Dairy,SUP18,4.99,"1 gallon, Omega-3 enriched",4.8,Nutritious with added benefits
P00324,Athletic T-shirt Pro,Clothing,Sportswear,SUP19,24.99,"Quick-dry fabric, Size: L",4.4,Advanced material for athletes
P00325,Art Canvas Large,Arts,Crafts,SUP20,10.99,"24x30 inches, Cotton",4.3,Bigger size for larger projects
P00326,Electronix Smartphone Lite,Electronics,Smartphones,SUP01,199.99,"32GB, 4G, Basic camera",4.2,Affordable with essential features
P00327,Global Textile Summer Jacket,Clothing,Outerwear,SUP02,59.99,"Lightweight, Breathable, Size: M",4.1,"Perfect for summer, stylish"
P00328,Elegant Sofa Compact,Home Goods,Furniture,SUP03,399.99,"Fabric, 2-seater, Space-saving",4.0,"Ideal for small spaces, comfortable"
P00329,Quick Freeze Mini Fridge,Appliances,Kitchen,SUP04,249.99,"100L, Energy-efficient, Compact",3.9,Perfect for small spaces
P00330,Gadget Tablet Mini,Electronics,Tablets,SUP05,149.99,"8-inch screen, 16GB",4.3,Portable and convenient
P00331,Adventure Dome Tent,Outdoor,Camping,SUP06,79.99,"2-person, Waterproof, Lightweight",4.1,Ideal for solo or duo campers
P00332,Luxe Hand Cream,Beauty,Cosmetics,SUP07,19.99,"30ml, Moisturizing",4.4,Handy and nourishing
P00333,Organic Pears,Grocery,Fruits,SUP08,2.49,"Fresh, 1 lb, Juicy",4.6,Delicious and ripe
P00334,Auto Air Filters,Auto,Parts,SUP09,29.99,"Compatible with most cars, Durable",4.1,"Improves air quality, easy to install"
P00335,Pharma Allergy Relief,Health,Pharmaceuticals,SUP10,7.99,"10mg, Pack of 30, Non-drowsy",4.7,Effective for seasonal allergies
P00336,Tech Earbuds,Electronics,Accessories,SUP11,29.99,"Wireless, Compact design",4.4,Convenient and clear sound
P00337,Standard Office Desk,Office,Furniture,SUP12,99.99,"Wood, 4ft, Basic model",4.0,Functional and affordable
P00338,Handheld Electric Screwdriver,Tools,Power Tools,SUP13,49.99,"Cordless, Compact, 12V",4.2,Handy for quick fixes
P00339,Kitchen Hand Mixer,Appliances,Kitchenware,SUP14,29.99,"200W, Multiple beaters",4.1,Easy to use for baking
P00340,Casual Sneakers,Clothing,Footwear,SUP15,39.99,"Everyday wear, Size 10",4.3,Comfortable for daily use
P00341,Safety Glasses,Industrial,Safety,SUP16,9.99,"Anti-fog, Scratch-resistant",4.5,Essential for eye protection
P00342,Educational Board Game,Toys,Games,SUP17,24.99,"Ages 5+, Learning and fun",4.6,Engaging and educational for kids
P00343,Organic Yogurt,Grocery,Dairy,SUP18,1.99,"Natural, 16 oz, Various flavors",4.6,Creamy and healthy
P00344,Sports Water Bottle,Clothing,Sportswear,SUP19,14.99,"Insulated, 20 oz",4.2,Keeps drinks cold or hot
P00345,Sketching Art Set,Arts,Crafts,SUP20,15.99,"Pencils, Charcoal, Erasers",4.4,Complete set for beginners and pros
P00346,LED Desk Lamp Ultra,Home Goods,Lighting,SUP21,59.99,"Adjustable, Touch sensor, USB port",4.7,Versatile with modern design
P00347,Eco-Friendly Cleaning Kit,Health,Hygiene,SUP22,14.99,"Biodegradable, Multi-surface",4.5,Safe and effective
P00348,Cat Play Tower,Pets,Toys,SUP23,39.99,"Multi-level, Scratch posts",4.6,Entertaining and durable for cats
P00349,Deluxe Office Chair,Office,Furniture,SUP24,499.99,"Leather, Ergonomic, Lumbar support",4.8,Premium comfort and design
P00350,Encyclopedia Set,Books,Reference,SUP25,119.99,"Hardcover, 10 volumes",4.7,Comprehensive and informative
P00351,Bluetooth Sound Bar,Electronics,Audio,SUP26,89.99,"Wireless, Surround sound",4.6,Enhanced audio experience
P00352,Herbal Wellness Tea,Health,Beverages,SUP27,9.99,"Organic, Assorted flavors, 20 bags",4.5,Soothing and healthful
P00353,Gaming Laptop Ultra,Electronics,Computers,SUP28,1299.99,"16GB RAM, 512GB SSD, High-performance GPU",4.9,Top-tier gaming experience
P00354,Luxury Garden Lounger,Home Goods,Outdoor,SUP29,249.99,"Adjustable, Cushioned, Weather-resistant",4.7,Elegant and comfortable
P00355,Organic Salmon Fillet,Food,Seafood,SUP30,19.99,"Fresh, Sustainably caught, 1 lb",4.8,Delicious and healthy
P00356,Designer Suit,Clothing,Formal Wear,SUP31,399.99,"Wool, Tailored fit, Various sizes",4.8,Sophisticated and stylish
P00357,Virtual Reality Headset,Electronics,Wearables,SUP32,299.99,"Wireless, High-resolution, Immersive experience",4.7,Cutting-edge and interactive
P00358,Organic Trail Mix,Grocery,Snacks,SUP33,5.99,"Nuts, Seeds, Dried fruits, 1 lb",4.6,Nutritious and energy-boosting
P00359,Performance Running Shoes,Sports,Footwear,SUP34,89.99,"Breathable, Enhanced grip, Sizes 8-12",4.7,High-performance for runners
P00360,Interactive Toy Robot,Toys,Electronic Toys,SUP35,59.99,"Voice control, Programmable",4.7,Fun and educational for kids
P00361,Artisan Cheese Selection,Grocery,Deli,SUP36,24.99,"Assorted premium cheeses, 500g",4.9,Rich flavors and variety
P00362,Advanced Fitness Tracker,Sports,Technology,SUP37,149.99,"Heart rate, Sleep monitor, Waterproof",4.8,Comprehensive health tracking
P00363,Professional Drill Kit,Tools,Power Tools,SUP38,129.99,"Cordless, Multiple bits, Heavy-duty",4.7,Versatile and powerful for professionals
P00364,High-Definition TV,Electronics,Televisions,SUP39,549.99,"4K, 65 inch, Smart features",4.8,"Crisp image, smart connectivity"
P00365,Modern Coffee Table,Home Goods,Furniture,SUP40,199.99,"Wooden, Contemporary design, Storage space",4.6,Stylish and functional
P00366,Spa Bath Essentials,Beauty,Wellness,SUP79,44.99,"Bath salts, Body scrub, Essential oils",4.6,Complete spa experience
P00367,Skate Helmet Pro,Sports,Safety,SUP80,39.99,"Impact-resistant, Enhanced ventilation",4.7,Comfortable and extra safe
P00368,Yoga Mat Bag Plus,Sports,Accessories,SUP81,24.99,"Canvas, Extra pockets, Fits larger mats",4.8,Spacious and functional
P00369,Deluxe Spice Rack Set,Kitchenware,Cooking,SUP82,49.99,"Wooden, 16 jars, Labels included",4.7,"More spices, better organization"
P00370,Advanced Drone with Camera,Tech,Electronics,SUP83,299.99,"1080p, 30 min flight, GPS",4.8,"Enhanced stability, longer flight time"
P00371,Modern Desk Lamp Plus,Lighting,Home Decor,SUP84,59.99,"LED, Adjustable arm, Dimmer",4.6,Flexible lighting options
P00372,Art Supplies Pro Kit,Crafts,Materials,SUP85,39.99,"Pencils, Paints, Canvas, Brushes",4.7,For advanced artists
P00373,Eco-Friendly Recycled Notebook Set,Office,Supplies,SUP86,14.99,"A4, Lined, 5-pack, Recycled paper",4.5,"Larger, eco-conscious choice"
P00374,Designer Eco-Friendly Tote Bag,Fashion,Bags,SUP87,19.99,"Reusable, Organic cotton, Larger size",4.8,Stylish and environmentally friendly
P00375,Board Game Ultimate Bundle,Games,Family,SUP88,79.99,"Assorted, 6 games, Family pack",4.9,"More games, more fun"
P00376,Premium Natural Lipstick Set,Beauty,Cosmetics,SUP89,24.99,"Long-lasting, Various shades, Vegan",4.6,"Diverse colors, cruelty-free"
P00377,All-in-One Kitchen Organizer,Home Goods,Storage,SUP90,44.99,"Plastic, Multi-piece, Space-efficient",4.5,Maximize kitchen space
P00378,Smart Wake-Up Alarm Clock,Tech,Gadgets,SUP91,34.99,"Sunrise simulation, USB charging, FM radio",4.7,Natural waking experience
P00379,Entrepreneur's Startup Guide,Books,Technology,SUP92,34.99,"Hardcover, Business strategies, Case studies",4.8,Deeper insights for startups
P00380,Kids Hoodie Deluxe,Clothing,Children,SUP93,29.99,"Cotton, Sizes 4-12, Fun designs",4.6,More sizes and playful designs
P00381,Organic Bath Soap Variety Pack,Beauty,Personal Care,SUP07,7.99,"Assorted scents, 100g each, 3-pack",4.7,Variety of natural fragrances
P00382,Advanced Smart Thermostat,Home Goods,Smart Home,SUP39,229.99,"Wi-Fi, Energy saving, Remote sensor",4.9,Enhanced efficiency with sensor control
P00383,Mountain Bike Pro,Sports,Cycling,SUP80,349.99,"24-speed, Aluminum frame, Suspension fork",4.8,Advanced features for tougher terrains
P00384,Ceramic Dinner Set Deluxe,Home Goods,Kitchenware,SUP03,79.99,"24-piece, Dishwasher safe, Microwave safe",4.7,"More pieces, added versatility"
P00385,Car Stereo System Premium,Auto,Accessories,SUP42,149.99,"Bluetooth, Handsfree, Enhanced audio quality",4.6,"Superior sound, seamless installation"
P00386,Orthopedic Dog Bed,Pets,Beds,SUP43,59.99,"Large, Memory foam, Washable",4.8,Extra comfort for older pets
P00387,Designer Handbag Mini,Clothing,Accessories,SUP44,159.99,"Leather, Compact, Various colors",4.7,Chic and practical
P00388,Camping Stove Pro,Outdoor,Cooking,SUP45,79.99,"Portable, Dual fuel, Efficient burning",4.5,Ideal for extended outdoor trips
P00389,Ceramic Cookware Set,Home Goods,Kitchenware,SUP46,99.99,"10 piece, Non-stick, Oven safe",4.6,Durable and versatile
P00390,Anti-Aging Skincare Set,Beauty,Skincare,SUP47,49.99,"Serum 30ml, Cream 50ml, Eye treatment",4.9,Comprehensive age-defying care
P00391,Limited Edition Novel,Books,Fiction,SUP48,19.99,"Hardcover, Signed, 300 pages",4.8,Collectible and engaging
P00392,Large Wall Canvas,Home Goods,Decor,SUP49,69.99,"Canvas, 36x48 inches",4.7,Impressive and artistic
P00393,Wireless Outdoor Speaker,Electronics,Audio,SUP50,69.99,"Bluetooth, Waterproof, Long-range",4.8,"Powerful sound, durable for outdoors"
P00394,Electric Guitar,Music,Instruments,SUP51,249.99,"Electric, 6 strings, Amplifier included",4.9,"Excellent sound, complete set"
P00395,Eco-friendly Yoga Mat,Sports,Fitness,SUP52,39.99,"Non-slip, Biodegradable material, 6mm",5.0,Sustainable and high quality
P00396,High-Capacity Printer Cartridge,Office,Supplies,SUP53,49.99,"Inkjet, Black, Extended life",4.4,"Cost-effective, longer lasting prints"
P00397,Organic Granola,Grocery,Breakfast,SUP54,4.99,"Gluten-free, Nuts and berries, 500g",4.7,Delicious and nutritious
P00398,Professional Tool Kit,Tools,Hand Tools,SUP55,99.99,"30-piece, High-quality, Case included",4.5,Complete set for professionals
P00399,Fashion T-shirt Plus,Clothing,Tops,SUP56,29.99,"Organic cotton, Enhanced fit, Various sizes",4.6,Eco-friendly and stylish
P00400,High-Performance Laptop Bag,Electronics,Accessories,SUP57,59.99,"Padded, Fits up to 17-inch laptops, Water-resistant",4.7,Durable and spacious
P00401,Artist's Complete Kit,Arts,Crafts,SUP58,39.99,"Pencils, Paints, Brushes, Sketchpad",4.9,Perfect for artists of all levels
P00402,Professional Power Washer,Home Goods,Tools,SUP59,199.99,"Electric, High pressure, Multiple nozzles",4.8,Powerful and versatile for all surfaces
P00403,Luxury Garden Furniture Set,Home Goods,Outdoor,SUP60,499.99,"Metal, Cushioned, 6 seats",4.7,Elegant and comfortable for outdoor lounging
P00404,Adventure Backpack Pro,Outdoor,Camping,SUP45,69.99,"40L, Waterproof, Enhanced straps",4.7,"Extra space, comfortable for long hikes"
P00405,Gourmet Olive Oil Deluxe,Grocery,Cooking Essentials,SUP36,19.99,"Extra virgin, Aged, 750ml",4.9,"Richer flavor, premium quality"
P00406,Travel Blender,Home Goods,Kitchen Appliances,SUP14,39.99,"Battery-operated, 500ml, Multiple speeds",4.6,"More versatile, perfect for on-the-go"
P00407,Luxury Facial Cream Advanced,Beauty,Skin Care,SUP07,79.99,"50ml, Anti-aging, Enhanced formula",4.8,"More effective, rejuvenating results"
P00408,Organic Quinoa Bulk,Grocery,Grains,SUP33,9.99,"Gluten-free, 2 lb, Eco-packaging",4.6,Economical and environmentally friendly
P00409,Executive Office Chair,Office,Furniture,SUP40,179.99,"High-back, Adjustable, Memory foam",4.5,"Superior comfort, perfect for executives"
P00410,Electric Skateboard Pro,Sports,Outdoor Recreation,SUP80,299.99,"Wireless remote, 20 mph, Longer range",4.8,Faster and more fun
P00411,Advanced Smart Home Hub,Electronics,Smart Home,SUP39,119.99,"Voice control, Wi-Fi, Home automation",4.7,"Enhanced features, seamless integration"
P00412,Designer Sunglasses Elite,Fashion,Accessories,SUP44,129.99,"UV protection, Polarized, Lightweight",4.9,Ultimate style and eye protection
P00413,Wireless Earbuds Pro,Electronics,Audio,SUP26,59.99,"Bluetooth 5.2, Active noise-cancelling",4.8,"Superior sound, advanced noise cancellation"
P00414,Eco-Friendly Yoga Mat Pro,Sports,Fitness,SUP81,34.99,"Non-toxic material, 8mm, Extra grip",5.0,Ultimate comfort and sustainability
P00415,Action Camera Ultra,Electronics,Cameras,SUP32,159.99,"4K, Waterproof, Stabilization",4.6,"Perfect for extreme sports, stable footage"
P00416,Kids Educational Tablet Plus,Toys,Electronics,SUP35,89.99,"Parental controls, Learning apps, Durable",4.7,"More robust, educational and entertaining"
P00417,Protein Powder Gold,Health,Supplements,SUP37,39.99,"Whey, 1.5 kg, Chocolate",4.9,"Enhanced formula, better taste"
P00418,Smart Electric Toothbrush,Personal Care,Dental,SUP47,69.99,"Rechargeable, Multiple modes, Travel case",4.8,"Advanced cleaning, travel-friendly"
P00419,Luxury Floor Lamp,Home Goods,Lighting,SUP21,99.99,"LED, Adjustable, Dimmable",4.6,Stylish and versatile lighting
P00420,Leather Wallet Premium,Fashion,Accessories,SUP44,39.99,"Genuine leather, RFID-blocking, Multiple slots",4.8,"Enhanced security, luxurious design"
P00421,Organic Cotton Sheets Deluxe,Home Goods,Bedding,SUP02,79.99,"Queen size, 600 thread count, Sateen weave",4.7,Ultra-soft and luxurious
P00422,High-Speed Router Pro,Electronics,Networking,SUP57,129.99,"Wi-Fi 6, Tri-band, Enhanced range",4.9,"Superior coverage, ultra-fast speeds"
P00423,Artisan Bread Maker Advanced,Home Goods,Kitchen Appliances,SUP14,159.99,"Multiple settings, Gluten-free options, 3 lb loaf",4.8,"More features, perfect for baking enthusiasts"
P00424,Fitness Smartwatch Pro,Sports,Technology,SUP52,179.99,"Heart rate, GPS, Advanced metrics, Waterproof",4.9,"More features, highly accurate"
P00425,Artisan Coffee Mug,Home Goods,Kitchenware,SUP49,19.99,"Ceramic, Hand-painted, 16 oz",4.7,Artistic and larger capacity
P00426,LED Desk Lamp Plus,Office,Accessories,SUP21,44.99,"Dimmable, USB charging, Color temperature control",4.8,"More features, customizable lighting"
P00427,Organic Dog Food Plus,Pets,Food,SUP23,49.99,"Chicken, Grain-free, 25 lb",4.9,Healthier and more satisfying
P00428,Acoustic Guitar Premium,Music,Instruments,SUP51,249.99,"Wooden, Enhanced sound quality, Full size",5.0,"Superior sound, professional quality"
P00429,Performance Running Shoes,Sports,Footwear,SUP34,79.99,"Breathable, Enhanced support, Size 9-11",4.8,Improved design for athletes
P00430,Advanced Drone with Camera,Electronics,Drones,SUP83,299.99,"4K video, 30min flight time, Stabilization",4.9,"Superior footage, longer flights"
P00431,Expedition Travel Backpack,Outdoor,Gear,SUP45,89.99,"50L, Laptop compartment, Durable material",4.8,"More capacity, designed for adventurers"
P00432,Summer Linen Dress Plus,Clothing,Women's Wear,SUP31,59.99,"Linen, Breathable, Size S-L",4.7,"More sizes, perfect for summer"
P00433,Wireless Keyboard Pro,Electronics,Accessories,SUP28,39.99,"Wireless, Ergonomic, Long battery life",4.8,"Enhanced comfort, longer use"
P00434,Professional Cookware Set,Home Goods,Cookware,SUP46,199.99,"12-piece, Induction compatible, Stainless steel",4.9,"Chef quality, more pieces"
P00435,Luxury Table Lamp,Home Goods,Decor,SUP24,79.99,"Porcelain base, Silk shade, Dimmable",4.7,"Elegant design, ambient lighting"
P00436,Extreme Camping Sleeping Bag,Outdoor,Camping,SUP45,59.99,"-20°F, Waterproof, Lightweight",4.8,"For extreme conditions, ultra-warm"
P00437,Aromatherapy Body Wash,Personal Care,Hygiene,SUP07,14.99,"500ml, Essential oils, Multiple scents",4.9,"Relaxing, variety of scents"
P00438,Road and Trail Hybrid Bicycle,Sports,Cycling,SUP80,349.99,"24-speed, Dual-purpose tires, Aluminum frame",4.8,Versatile for all terrains
P00439,Aged Gourmet Cheese Deluxe,Grocery,Dairy,SUP36,12.99,"Aged Cheddar, 12 oz, Premium selection",5.0,"Exceptional taste, artisan quality"
P00440,Wide-Mouth Juicer,Home Goods,Kitchen Appliances,SUP14,69.99,"700W, 3-speed, Larger chute",4.7,"Faster juicing, more capacity"
P00441,Collector's Edition Graphic Novel,Books,Comics,SUP48,29.99,"Hardcover, Signed, 250 pages",4.9,"Exclusive content, collectible"
P00442,Luxury Silk Scarf,Fashion,Accessories,SUP31,34.99,"100% Silk, Designer patterns",4.8,"High-end fashion, exquisite designs"
P00443,Advanced Water Filter Pitcher,Home Goods,Kitchenware,SUP49,39.99,"12 cup, Alkaline water, BPA-free",4.7,"Healthier water, larger capacity"
P00444,Mountain Bike Compact,Sports,Cycling,SUP34,359.99,"24-inch, 18-speed",4.6,Compact and agile ride
P00445,Wireless Mouse Mini,Electronics,Accessories,SUP11,19.99,"Compact, USB rechargeable",4.4,Small and convenient
P00446,Travel Hair Dryer,Beauty,Hair Care,SUP07,49.99,"Ionic, 1200W, Compact",4.5,"Portable, efficient drying"
P00447,Citrus Fruit Blender,Home Goods,Kitchen Appliances,SUP14,29.99,"400W, 0.7L capacity",4.3,Ideal for citrus fruits
P00448,Organic Cotton Polo Shirt,Clothing,Men's Wear,SUP31,34.99,"Polo style, Sizes M-L",4.5,Classic and sustainable
P00449,Tactical Flashlight,Outdoor,Equipment,SUP06,19.99,"LED, 300 lumens, Waterproof",4.8,Versatile and rugged
P00450,Yoga Leggings,Fashion,Activewear,SUP77,34.99,"Stretchable, High-waist, Sizes S-L",4.7,"Ideal for yoga, comfortable"
P00451,Electric Kettle with Infuser,Home Goods,Kitchenware,SUP46,39.99,"1.7L, Infusion basket",4.6,Perfect for tea lovers
P00452,Wi-Fi Smart Thermostat,Electronics,Smart Home,SUP39,219.99,"Wi-Fi, Remote control, Energy reports",4.9,"Advanced features, energy-efficient"
P00453,Expandable Travel Suitcase,Travel,Luggage,SUP36,99.99,"Hardshell, 28 inches, Expandable",4.7,"More space, still durable"
P00454,Leather Loafers,Fashion,Footwear,SUP56,69.99,"Genuine leather, Sizes 9-12",4.6,Comfortable and stylish
P00455,Solar Power Bank,Electronics,Power Banks,SUP28,24.99,"12000mAh, Solar charging",4.7,"Eco-friendly, reliable"
P00456,Organic Baby Cereal,Grocery,Baby Products,SUP08,3.49,"Whole grain, 6 months+",4.8,"Nutritious, easy to prepare"
P00457,Handheld Vacuum Cleaner,Home Goods,Appliances,SUP40,129.99,"Compact, Cordless",4.6,Handy for quick cleanups
P00458,Aviator Sunglasses,Fashion,Accessories,SUP44,89.99,"UV protection, Metal frame",4.7,"Classic design, UV protection"
P00459,Compact Drone,Electronics,Drones,SUP83,299.99,"720p, 15min flight time",4.7,"Portable, good for beginners"
P00460,Manual Espresso Maker,Home Goods,Kitchen Appliances,SUP14,149.99,"Hand-operated, No electricity required",4.6,"Authentic experience, portable"
P00461,Lightweight Camping Cookware,Outdoor,Cooking,SUP45,39.99,"Non-stick, Ultra-light",4.6,"Easy to carry, efficient cooking"
P00462,Wired Gaming Keyboard,Electronics,Peripherals,SUP11,49.99,"Mechanical, Anti-ghosting keys",4.7,Reliable and responsive for gaming
P00463,Training Boxing Gloves,Sports,Boxing,SUP80,24.99,"Padded, 10 oz, Ventilation",4.5,"Ideal for training, breathable"
P00464,Luxury Skin Care Set,Beauty,Skin Care,SUP47,69.99,"Premium ingredients, Cleanser, Toner, Moisturizer",4.8,"Luxurious, effective treatment"
P00465,Wall Clock Vintage,Home Goods,Decor,SUP49,34.99,"14-inch, Classic design",4.6,"Timeless elegance, precise"
P00466,Wireless Headphones Studio,Electronics,Audio,SUP26,69.99,"Studio quality, Noise-canceling, Over-ear",4.8,"Professional sound, ultra-comfortable"
P00467,Advanced Fitness Tracker,Sports,Technology,SUP52,79.99,"Heart rate, Sleep, Oxygen levels",4.9,Comprehensive health tracking
P00468,Professional Digital Camera,Electronics,Photography,SUP32,299.99,"24MP, 10x zoom, Wi-Fi",4.8,"Pro-level photography, user-friendly"
P00469,Fashion Sneakers,Fashion,Footwear,SUP56,59.99,"Leather, Sizes 7-11",4.7,Chic and comfortable
P00470,Rapid Boil Kettle,Home Goods,Kitchen Appliances,SUP14,29.99,"2L, Auto shut-off, Temperature control",4.6,"Fast, efficient, precise"
P00471,Limited Edition Graphic Tee,Clothing,Casual Wear,SUP31,24.99,"Organic cotton, Artist collaboration",4.7,"Exclusive design, eco-friendly"
P00472,Performance Yoga Pants,Sports,Apparel,SUP81,44.99,"High-stretch, Moisture-wicking, S-L",4.8,"Enhanced fit, for intense yoga"
P00473,Premium Robotic Vacuum,Home Goods,Appliances,SUP40,299.99,"Smart mapping, App control, Auto-empty",4.9,"Advanced cleaning, hands-free"
P00474,All-Terrain Hiking Boots,Outdoor,Footwear,SUP45,99.99,"Waterproof, Breathable, Sizes 8-12",4.8,"Rugged, comfortable for all hikes"
P00475,Multi-Function Hand Mixer,Home Goods,Kitchen Appliances,SUP14,29.99,"7-speed, Attachments, Dough hooks",4.7,"Versatile, for all baking needs"
P00476,Smart LED Night Light,Home Goods,Lighting,SUP21,14.99,"Motion sensor, Color changing",4.8,"Customizable, child-friendly"
P00477,Gaming Laptop,Electronics,Computers,SUP28,1199.99,"32GB RAM, 1TB SSD, High-performance GPU",4.9,Powerful gaming experience
P00478,Organic Body Butter,Beauty,Skin Care,SUP07,19.99,"Rich formula, 300ml",4.7,"Ultra-hydrating, luxurious feel"
P00479,Outdoor Bluetooth Speaker,Electronics,Audio,SUP26,79.99,"Rugged, Waterproof, Long battery life",4.8,Perfect for outdoor adventures
P00480,Trail Running Shoes,Sports,Footwear,SUP34,89.99,"Grip sole, Waterproof, Sizes 6-9",4.9,Secure and comfortable on trails
P00481,Professional Cookware Set,Home Goods,Cookware,SUP46,149.99,"Stainless steel, 5-piece, Induction",4.8,"Chef-grade, versatile"
P00482,Explorer's Travel Guide,Books,Travel,SUP48,24.99,"Hardcover, 400 pages, Off-the-beaten-path",4.9,"Adventure inspiring, detailed"
P00483,High-Speed Electric Scooter,Outdoor,Transport,SUP80,349.99,"20 mph, 20-mile range, Foldable",4.8,"Fast, portable, eco-friendly"
P00484,Elegant Watch Deluxe,Fashion,Accessories,SUP94,109.99,"Gold-plated, Quartz movement",4.7,Luxurious and precise
P00485,Advanced Car Diagnostic Tool,Automotive,Tools,SUP95,69.99,"OBD2, Wi-Fi connectivity",4.8,Comprehensive and easy to use
P00486,Organic Trail Mix Deluxe,Food,Snacks,SUP96,9.99,"Nuts, Seeds, Berries, 16 oz",4.7,"Enhanced mix, more energy"
P00487,Outdoor Lounge Chair Premium,Home Goods,Furniture,SUP97,129.99,"Adjustable, Memory foam",4.6,"Ultimate comfort, premium material"
P00488,Professional Baseball Glove Pro,Sports,Equipment,SUP98,79.99,"Premium leather, 13-inch",4.8,"Pro level, extra durable"
P00489,Hi-Fi Speaker System Pro,Electronics,Audio,SUP99,249.99,"Wireless, Surround sound",4.9,"Superior sound, advanced features"
P00490,Luxury Aromatherapy Diffuser,Home Goods,Wellness,SUP100,49.99,"Wood finish, Essential oil variety",4.7,"Elegant design, therapeutic"
P00491,Executive Modern Office Chair,Home Goods,Furniture,SUP40,199.99,"High-back, Leather, Adjustable",4.5,"Premium comfort, stylish design"
P00492,Solar Power Bank Pro,Tech,Sustainable Tech,SUP41,69.99,"20000mAh, Solar and USB charging",4.7,"Higher capacity, versatile"
P00493,Luxury Car Seat Covers,Auto,Accessories,SUP42,89.99,"Leather, Custom fit",4.4,Elegant and protective
P00494,Organic Dog Food Plus,Pets,Food,SUP43,44.99,"Grain-free, Beef flavor, 25 lb",4.8,"More flavors, loved by pets"
P00495,Designer Sunglasses Limited Edition,Fashion,Accessories,SUP44,159.99,"Signature design, UV400 protection",4.6,Exclusive and protective
P00496,Rechargeable Camping Lantern,Outdoor,Gear,SUP45,34.99,"Solar-powered, USB charging",4.7,"Eco-friendly, longer-lasting"
P00497,Professional Stainless Steel Cookware,Home Goods,Kitchenware,SUP46,119.99,"Non-stick, Oven and dishwasher safe",4.8,"Chef's choice, durable"
P00498,Premium Luxury Makeup Kit,Beauty,Cosmetics,SUP47,109.99,"Complete set, Designer brands",4.9,"Luxury collection, flawless finish"
P00499,Inspirational Memoir Special Edition,Books,Non-Fiction,SUP48,24.99,"Signed copy, Exclusive content",4.6,Inspiring and unique
P00500,Large Decorative Vase,Home Decor,Decor,SUP49,59.99,"Ceramic, 18-inch, Hand-painted",4.8,"Statement piece, exquisite"
P00501,Smart Bluetooth Alarm Clock,Home Goods,Accessories,SUP50,39.99,"Voice control, Wireless charging",4.7,"Advanced features, stylish"
P00502,Deluxe Acoustic Guitar,Music,Instruments,SUP51,249.99,"Solid wood, Enhanced acoustics",4.9,"Superior sound, premium build"
P00503,Advanced Exercise Bike,Sports,Fitness Equipment,SUP52,329.99,"Interactive training, Heart rate monitor",4.8,"Gym-quality, immersive experience"
P00504,Wireless Charging Pad Pro,Office,Tech,SUP53,49.99,"Fast charge, Multi-device",4.6,"Efficient, sleek design"
P00505,Premium Organic Honey,Grocery,Food Items,SUP54,11.99,"Raw, Unfiltered, 24 oz",4.9,"Richer taste, natural benefits"
P00506,Power Drill Set Pro,Tools,Hardware,SUP55,119.99,"Cordless, Multiple bits, Extra battery",4.8,"High performance, long-lasting"
P00507,Casual T-Shirt Designer Edition,Clothing,Tops,SUP56,29.99,"Premium cotton, Designer prints",4.7,"Exclusive designs, extra comfort"
P00508,High-End Gaming Laptop,Electronics,Computers,SUP57,1699.99,"32GB RAM, 1TB SSD, RTX GPU",5.0,"Ultimate gaming, cutting-edge tech"
P00509,Professional Watercolor Paint Set,Arts,Craft Materials,SUP58,34.99,"24 colors, Professional brushes",4.7,"Artist quality, rich colors"
P00510,Power Tool Ultimate Combo Kit,Home Solutions,DIY Tools,SUP59,199.99,"Drill, Saw, Sander, Grinder",4.8,"All-in-one, high efficiency"
P00511,Decorative Garden Statue,Outdoor,Decor,SUP60,69.99,"Bronze finish, Weather-resistant",4.6,Elegant and long-lasting
P00512,Performance Leggings Pro,Sports,Fitness Gear,SUP61,49.99,"Compression, Thermal, Sizes S-L",4.7,"Advanced fabric, enhanced performance"
P00513,Professional Chef's Knife Pro,Kitchenware,Cooking Tools,SUP62,79.99,"Damascus steel, 10-inch",4.9,"Top chef's choice, ultra-sharp"
P00514,Luxury Fabric Sewing Kit,Crafts,Sewing Supplies,SUP63,49.99,"Premium fabrics, Complete set",4.8,"Designer fabrics, comprehensive"
P00515,Advanced Herb Growing Kit,Gardening,Plants,SUP64,49.99,"Smart system, Automated watering",4.7,"High-tech, greater yields"
P00516,Eco-Friendly Multi-Surface Cleaner,Cleaning,Household Tools,SUP65,16.99,"Biodegradable, 64 oz",4.6,"More eco-friendly, effective"
P00517,Smart Fitness Tracker Pro,Tech,Gadgets,SUP66,69.99,"Blood oxygen, Stress monitoring",4.8,"Next-gen features, sleek design"
P00518,Educational Wooden Puzzle Toy,Toys,Games,SUP67,19.99,"3D, Eco-friendly",4.7,"Enhanced learning, safe materials"
P00519,Large Hammock with Stand,Leisure,Outdoor,SUP68,119.99,"Cotton canvas, Adjustable stand",4.8,"Extra comfort, versatile setup"
P00520,High-Power Cordless Leaf Blower,Tools,Workshop Equipment,SUP69,129.99,"Battery-powered, Turbo mode",4.7,"More power, efficient clearing"
P00521,Premium Organic Protein Powder,Food,Health Products,SUP70,39.99,"Plant-based, Multiple flavors",4.8,"Superior taste, health benefits"
P00522,Executive Ergonomic Office Chair,Office,Technology,SUP71,179.99,"High-back, Memory foam",4.6,"Ultimate support, luxury feel"
P00523,Luxury Cat Scratching Post,Pets,Pet Toys,SUP72,49.99,"Solid wood, Premium sisal",4.7,"Stylish, long-lasting"
P00524,High-End Portable Bluetooth Speaker,Electronics,Sound Systems,SUP73,79.99,"360 sound, Voice assistant",4.9,"Superior sound, advanced features"
P00525,Performance Running Shoes,Fashion,Athletic Wear,SUP74,89.99,"Energy return, Sizes 8-13",4.8,"High-tech cushioning, extra support"
P00526,Gourmet Chocolate Deluxe Snacks,Food,Confectionery,SUP75,17.99,"Artisanal, Gift box",4.9,"Exquisite taste, luxury gift"
P00527,Advanced Tea Infuser Set,Kitchenware,Brewing Equipment,SUP76,29.99,"Temperature control, Timer",4.7,"Perfect brew, sophisticated"
P00528,Kitchen Knife Set Pro,Home Goods,Cookware,SUP14,99.99,"Stainless steel, 8-piece, Chef's choice",4.8,Ultra-sharp and versatile
P00529,High-End Gaming Mouse,Electronics,Peripherals,SUP11,69.99,"Ultra precision, Customizable RGB",4.9,"Top performance, ergonomic"
P00530,Sports Water Bottle Advanced,Sports,Fitness,SUP52,19.99,"1.5L, Insulated, Leak-proof",4.7,Longer temperature retention
P00531,Professional Digital SLR Camera,Electronics,Photography,SUP32,699.99,"36MP, Wide-angle lens",4.9,"Superior quality, advanced features"
P00532,Executive Leather Wallet,Fashion,Accessories,SUP31,49.99,"Premium leather, RFID blocking",4.8,Elegant and secure
P00533,Children's Interactive Storybook,Books,Children,SUP48,14.99,"Illustrated, Sound effects",4.9,"Engaging, educational, fun"
P00534,Luxury Silk Bed Sheets Set,Home Goods,Bedding,SUP02,149.99,"King size, 100% silk, High thread count",4.8,"Ultimate comfort, elegance"
P00535,Professional Hand Blender,Home Goods,Kitchen Appliances,SUP14,49.99,"Multi-speed, Stainless steel, Accessories",4.7,"More powerful, versatile use"
P00536,Smart LED Desk Lamp,Home Goods,Lighting,SUP21,59.99,"Adjustable, App control, Color changing",4.8,"Innovative, customizable lighting"
P00537,All-Weather Running Jacket,Sports,Apparel,SUP80,79.99,"Waterproof, Breathable, Reflective",4.9,Perfect for all conditions
P00538,Advanced Bluetooth Tracker,Electronics,Accessories,SUP05,34.99,"Key finder, Distance alarm",4.8,"Longer range, more features"
P00539,High-Efficiency Air Purifier,Home Goods,Appliances,SUP39,179.99,"HEPA filter, Smart sensor",4.9,"More powerful, smart features"
P00540,Luxury Solar-Powered Watch,Fashion,Watches,SUP94,249.99,"Solar, Titanium, Water-resistant",5.0,"Sophisticated, eco-conscious design"
P00541,Premium Aromatherapy Diffuser,Home Goods,Wellness,SUP47,49.99,"Ultrasonic, Color changing, Timer",4.8,"Enhanced features, stylish"
P00542,Deluxe Hammock with Stand,Outdoor,Camping,SUP45,119.99,"Cotton canvas, Larger size",4.9,"Extra comfort, stylish design"
P00543,Professional Electric Juicer,Home Goods,Kitchen Appliances,SUP14,69.99,"1000W, 3-speed, Wide chute",4.7,"Faster, more efficient"
P00544,Ultra HD 4K Smart TV,Electronics,Televisions,SUP01,999.99,"65-inch, HDR10, Smart platform",4.9,"Bigger screen, stunning visuals"
P00545,Professional Acoustic Guitar,Music,Instruments,SUP51,199.99,"Concert size, Premium wood",4.8,"Exceptional sound, craftsmanship"
P00546,Advanced Wireless Mouse,Electronics,Peripherals,SUP11,29.99,"Ergonomic, Multi-device connection",4.7,"Seamless switching, comfortable"
P00547,Luxury Leather Briefcase,Fashion,Bags,SUP31,179.99,"Fine leather, Multiple compartments",4.9,"Spacious, sophisticated design"
P00548,Advanced Fitness Tracker,Sports,Fitness,SUP52,79.99,"Heart rate, GPS, SpO2 monitor",4.8,Comprehensive health tracking
P00549,Eco Smart Bulb,Electronics,Smart Lighting,SUP101,29.99,"Energy-efficient, WiFi-enabled",4.5,Bright and easy to control
P00550,Artists' Paint Set,Arts & Crafts,Art Supplies,SUP102,49.99,"Watercolors, 24 colors",4.6,"Rich colors, great for artists"
P00551,Healthy Protein Bar,Food,Health Snacks,SUP103,2.99,"Nut-free, 20g protein",4.7,Tasty and filling
P00552,Travel Backpack,Outdoor,Adventure Gear,SUP104,59.99,"Waterproof, 40L capacity",4.5,Durable and spacious
P00553,Elegant Fountain Pen,Office,Writing Instruments,SUP105,39.99,"Fine nib, refillable",4.8,"Smooth writing, stylish design"
P00554,Educational Board Game,Toys & Games,Board Games,SUP106,24.99,"Ages 7+, Strategy game",4.6,Fun and educational for kids
P00555,Artisanal Cheese Selection,Food,Gourmet Foods,SUP107,19.99,"Assorted flavors, 500g",4.7,"Delicious variety, high quality"
P00556,Solar Power Charger,Tech,Eco-Friendly Tech,SUP108,34.99,"Portable, 10000mAh",4.6,"Eco-friendly, efficient charging"
P00557,Organic Herbal Tea,Food,Herbal Teas,SUP109,12.99,"Caffeine-free, Assorted flavors",4.5,Relaxing and aromatic
P00558,Bluetooth Earphones,Electronics,Mobile Accessories,SUP110,49.99,"Wireless, Noise-cancelling",4.7,"Great sound, comfortable fit"
P00559,LED Desk Lamp,Office,Smart Lighting,SUP101,45.99,"Adjustable, Touch control",4.8,Bright and energy-efficient
P00560,Craft Kit for Kids,Arts & Crafts,Craft Kits,SUP102,29.99,"Ages 5+, DIY projects",4.7,Creative and fun
P00561,Nutritional Energy Bar,Food,Health Snacks,SUP103,3.49,"Gluten-free, 15g protein",4.6,Healthy and energizing
P00562,Outdoor Sleeping Bag,Outdoor,Adventure Gear,SUP104,69.99,"Lightweight, 0-degree rating",4.7,Warm and comfortable
P00563,Professional Sketchbook,Office,Art Supplies,SUP105,14.99,"A4, 120gsm paper",4.6,"High quality, perfect for artists"
P00564,Interactive Puzzle Game,Toys & Games,Kids' Toys,SUP106,19.99,"Age 8+, Brain teasers",4.7,Challenging and fun
P00565,Handmade Chocolate Box,Food,Artisanal Products,SUP107,25.99,"Assorted, 250g",4.8,Delicious and unique flavors
P00566,Eco-Friendly Smartwatch,Tech,Sustainable Gadgets,SUP108,149.99,"Solar-powered, Fitness tracking",4.5,Innovative and practical
P00567,Detox Herbal Blend,Food,Natural Supplements,SUP109,9.99,"Organic, Loose-leaf",4.6,Cleansing and refreshing
P00568,Compact Power Bank,Electronics,Consumer Electronics,SUP110,39.99,"5000mAh, Dual USB",4.4,Portable and reliable
P00569,Smart LED Strip,Electronics,Smart Lighting,SUP101,35.99,"Color changing, App control",4.7,Versatile and fun lighting option
P00570,Drawing Pencil Set,Arts & Crafts,Art Supplies,SUP102,22.99,"Graphite, 12 grades",4.8,Perfect for sketching
P00571,Granola Bars Box,Food,Health Snacks,SUP103,5.99,"Oats and honey, Box of 10",4.5,Healthy and tasty snack
P00572,Hiking Tent,Outdoor,Adventure Gear,SUP104,89.99,"2-person, Waterproof",4.6,Lightweight and easy to set up
P00573,Executive Diary,Office,Office Supplies,SUP105,19.99,"Leather cover, A5",4.7,Elegant and functional
P00574,Toy Building Blocks,Toys & Games,Kids' Toys,SUP106,34.99,"Colorful, Ages 3-6",4.8,Encourages creativity
P00575,Gourmet Olive Oil,Food,Artisanal Products,SUP107,16.99,"Extra virgin, 500ml",4.6,"Rich flavor, high quality"
P00576,Portable Solar Lamp,Tech,Eco-Friendly Tech,SUP108,29.99,"Rechargeable, LED",4.7,Convenient for outdoor use
P00577,Calming Herbal Tea,Food,Herbal Teas,SUP109,10.99,"Lavender, Loose-leaf",4.5,Soothing and aromatic
P00578,Wireless Charging Stand,Electronics,Mobile Accessories,SUP110,55.99,"Fast charge, Compatible with various devices",4.6,Convenient and sleek
P00579,Eco Smart Bulb Pro,Electronics,Smart Lighting,SUP101,39.99,"Energy-efficient, RGB, WiFi-enabled",4.7,Enhanced brightness and color options
P00580,Professional Artists' Paint Set,Arts & Crafts,Art Supplies,SUP102,69.99,"Watercolors, 36 colors, Premium",4.8,"Richer colors, excellent for professionals"
P00581,Healthy Protein Bar Plus,Food,Health Snacks,SUP103,3.49,"Nut-free, 25g protein, Fiber enriched",4.8,"Extra protein and fiber, still tasty"
P00582,Travel Backpack XL,Outdoor,Adventure Gear,SUP104,79.99,"Waterproof, 60L capacity, Extra pockets",4.6,More spacious and versatile
P00583,Luxury Fountain Pen,Office,Writing Instruments,SUP105,59.99,"Fine gold nib, refillable, Elegant design",4.9,"Exceptionally smooth writing, luxurious feel"
P00584,Educational Board Game Advanced,Toys & Games,Board Games,SUP106,34.99,"Ages 10+, Strategy and Logic",4.7,"More challenging, great for older kids"
P00585,Artisanal Cheese Selection Deluxe,Food,Gourmet Foods,SUP107,29.99,"Premium assortment, 750g",4.9,"Superior quality and variety, gourmet selection"
P00586,Solar Power Charger Plus,Tech,Eco-Friendly Tech,SUP108,44.99,"Portable, 15000mAh, Solar and USB charging",4.8,"More capacity, dual charging options"
P00587,Premium Organic Herbal Tea,Food,Herbal Teas,SUP109,15.99,"Caffeine-free, Rare blends, Loose-leaf",4.7,"Exotic flavors, highly relaxing"
P00588,Bluetooth Earphones Pro,Electronics,Mobile Accessories,SUP110,69.99,"True Wireless, Active Noise-cancelling",4.9,"Superior sound, advanced noise cancellation"
P00589,LED Desk Lamp Pro,Office,Smart Lighting,SUP101,55.99,"Adjustable, Dimmable, Touch and App control",4.9,"Advanced features, more lighting options"
P00590,Complete Craft Kit for Kids,Arts & Crafts,Craft Kits,SUP102,39.99,"Ages 6+, Multiple DIY projects",4.8,"More creative options, fun for kids"
P00591,Ultimate Nutritional Energy Bar,Food,Health Snacks,SUP103,4.29,"Gluten-free, 30g protein, Energy boost",4.7,"High protein, extra energy for athletes"
P00592,Expedition Hiking Tent,Outdoor,Adventure Gear,SUP104,109.99,"4-person, Waterproof, Lightweight",4.8,"Spacious, ideal for family trips"
P00593,Artist's Professional Sketchbook,Office,Art Supplies,SUP105,19.99,"A3, 180gsm, Premium paper",4.7,"Larger size, excellent for detailed sketches"
P00594,Brain Teaser Puzzle Game,Toys & Games,Kids' Toys,SUP106,24.99,"Age 10+, Advanced challenges",4.8,"More complex puzzles, intellectually stimulating"
P00595,Luxury Handmade Chocolate Box,Food,Artisanal Products,SUP107,35.99,"Premium selection, 500g, Gift box",4.9,"Exceptional taste, perfect for gifting"
P00596,Advanced Eco-Friendly Smartwatch,Tech,Sustainable Gadgets,SUP108,199.99,"Solar-powered, Health monitoring, GPS",4.6,"More features, health and fitness focused"
P00597,Specialty Herbal Tea Blend,Food,Natural Supplements,SUP109,13.99,"Organic, Wellness blend, Loose-leaf",4.7,"Specialty herbs, more health benefits"
P00598,High-Capacity Power Bank,Electronics,Consumer Electronics,SUP110,59.99,"10000mAh, Fast charging, Dual USB",4.5,"Higher capacity, rapid charge"
P00599,Smart LED Ceiling Light,Electronics,Smart Lighting,SUP101,65.99,"Dimmable, Color changing, Remote control",4.8,"Enhanced lighting, smart home compatible"
P00600,Deluxe Drawing Pencil Set,Arts & Crafts,Art Supplies,SUP102,34.99,"Graphite, Charcoal, 24 grades",4.9,"Wider range, ideal for all artists"
P00601,Super Granola Bars Box,Food,Health Snacks,SUP103,7.99,"Mixed nuts, Seeds, Honey, Box of 20",4.6,"More in a box, great value"
P00602,Advanced Hiking Tent,Outdoor,Adventure Gear,SUP104,129.99,"3-person, All-weather, Extra durable",4.7,"Higher weather resistance, more space"
P00603,Premium Executive Diary,Office,Office Supplies,SUP105,29.99,"Genuine leather, A4, Lined",4.8,"More luxurious, professional appearance"
P00604,Strategy Board Game,Toys & Games,Board Games,SUP106,39.99,"Ages 12+, Complex strategy",4.9,"Engages critical thinking, for older kids"
P00605,Gourmet Cheese Platter,Food,Gourmet Foods,SUP107,39.99,"Assorted fine cheeses, 1kg",4.8,"Perfect for entertaining, superior selection"
P00606,High Efficiency Solar Charger,Tech,Eco-Friendly Tech,SUP108,54.99,"Portable, 20000mAh, Multiple outputs",4.9,"Ideal for longer trips, more power"
P00607,Exotic Herbal Tea Collection,Food,Herbal Teas,SUP109,19.99,"Rare blends, Caffeine-free, 250g",4.8,"Unique flavors, beautifully packaged"
P00608,Advanced Bluetooth Earphones,Electronics,Mobile Accessories,SUP110,79.99,"High fidelity, Long battery life",4.8,"Enhanced audio quality, longer playtime"
P00609,Expedition Sleeping Bag,Outdoor,Camping Gear,SUP111,79.99,"4-season, Lightweight",4.6,Perfect for extreme weather
P00610,Antique Literature Collection,Books,Rare Books,SUP112,120.99,"Leather-bound, Classic titles",4.8,Elegant and timeless
P00611,Aquarium Starter Kit,Pets,Aquarium Supplies,SUP113,59.99,"20L tank, Filter included",4.7,Ideal for beginners
P00612,Professional Car Jack,Auto,Car Maintenance Tools,SUP114,99.99,"Hydraulic, 2-ton capacity",4.5,Sturdy and reliable
P00613,Eco-Friendly Laundry Detergent,Home Goods,Eco-Friendly Home Products,SUP115,15.99,"Biodegradable, 2L",4.6,Effective and gentle on the environment
P00614,Rare Himalayan Salt,Food,Exotic Spices,SUP116,8.99,"Pink, Finely ground, 500g",4.7,"Authentic flavor, rich in minerals"
P00615,Woodworking Kit,Tools,Woodworking Tools,SUP117,129.99,"Multiple tools, Durable case",4.6,Comprehensive and high quality
P00616,Trendy Sneakers,Fashion,Trendy Clothing,SUP118,69.99,"Unisex, Various sizes",4.5,Stylish and comfortable
P00617,Organic Pet Food,Pets,Pet Food,SUP119,29.99,"Grain-free, Chicken, 5kg",4.7,Healthy and natural ingredients
P00618,Multi-Function Blender,Kitchenware,Kitchen Gadgets,SUP120,89.99,"800W, Various attachments",4.8,Versatile and easy to use
P00619,Collapsible Water Bottle,Outdoor,Camping Gear,SUP111,14.99,"Silicone, 1L, Leak-proof",4.6,Convenient and space-saving
P00620,Collectible Comics,Books,Collectibles,SUP112,19.99,"Limited edition, Illustrated",4.8,Great for collectors and fans
P00621,Marine Aquarium Light,Pets,Marine Equipment,SUP113,79.99,"LED, Programmable",4.7,Enhances coral and fish colors
P00622,Diagnostic Scan Tool,Auto,Automotive Supplies,SUP114,149.99,"OBD2, Bluetooth connectivity",4.6,Accurate and easy to use
P00623,Recycled Paper Towels,Home Goods,Cleaning Supplies,SUP115,6.99,"2-ply, Pack of 6 rolls",4.5,Strong and absorbent
P00624,Gourmet Pepper Mix,Food,Seasoning Blends,SUP116,12.99,"Assorted, Grinder included",4.8,Enhances any dish
P00625,Handheld Electric Planer,Tools,Workshop Equipment,SUP117,89.99,"Cordless, Precision control",4.6,Efficient and easy to handle
P00626,Fashionable Backpack,Fashion,Fashion Accessories,SUP118,49.99,"Water-resistant, Multiple pockets",4.7,Trendy and functional
P00627,Hypoallergenic Dog Treats,Pets,Pet Health Products,SUP119,12.99,"Gluten-free, Beef flavor",4.6,Safe and delicious for sensitive pets
P00628,Electric Spice Grinder,Kitchenware,Cooking Appliances,SUP120,34.99,"Stainless steel, Adjustable settings",4.7,Quick and uniform grinding
P00629,Portable Hammock,Outdoor,Outdoor Apparel,SUP111,49.99,"Lightweight, Easy setup",4.8,Ideal for camping and hiking
P00630,First Edition Novel,Books,Rare Books,SUP112,250.99,"Signed, Collector's item",4.9,A treasure for book enthusiasts
P00631,Reef Aquarium Kit,Pets,Marine Equipment,SUP113,199.99,"50L, LED lighting, Filter system",4.8,Perfect for coral enthusiasts
P00632,Tire Inflator Kit,Auto,Car Maintenance Tools,SUP114,75.99,"Digital, Portable",4.6,Convenient for emergencies
P00633,Compostable Trash Bags,Home Goods,Eco-Friendly Home Products,SUP115,13.99,"50 bags, 13-gallon",4.7,Eco-friendly and strong
P00634,Saffron Threads,Food,Exotic Spices,SUP116,18.99,"Premium quality, 2g",4.9,Rich flavor and aroma
P00635,Circular Saw,Tools,Woodworking Tools,SUP117,119.99,"Corded, Adjustable depth",4.7,Powerful and precise cuts
P00636,Chic Handbag,Fashion,Trendy Clothing,SUP118,79.99,"Faux leather, Multiple colors",4.6,Elegant and spacious
P00637,Natural Cat Treats,Pets,Pet Food,SUP119,7.99,"Salmon, Grain-free",4.7,Delicious and healthy for cats
P00638,Convection Toaster Oven,Kitchenware,Kitchen Gadgets,SUP120,109.99,"6-slice, Digital controls",4.8,Versatile cooking options
P00639,Outdoor Cooler Bag,Outdoor,Camping Gear,SUP111,24.99,"Insulated, 20L",4.7,Keeps items cool for hours
P00640,Vintage Poetry Book,Books,Collectibles,SUP112,35.99,"Hardcover, Illustrated",4.8,"Beautifully crafted, timeless poems"
P00641,Marine Protein Skimmer,Pets,Marine Equipment,SUP113,109.99,"For saltwater tanks, Efficient",4.8,Improves water quality
P00642,Jump Starter Kit,Auto,Automotive Supplies,SUP114,119.99,"Portable, High capacity",4.7,Essential for roadside emergencies
P00643,Reusable Shopping Bags,Home Goods,Eco-Friendly Home Products,SUP115,9.99,"Set of 5, Foldable",4.6,Convenient and sustainable
P00644,Vanilla Bean Pods,Food,Seasoning Blends,SUP116,14.99,"Whole pods, 3 pack",4.8,Natural and aromatic
P00645,Table Saw,Tools,Workshop Equipment,SUP117,159.99,"Heavy-duty, Precision settings",4.7,Ideal for professional use
P00646,Casual Summer Dress,Fashion,Trendy Clothing,SUP118,59.99,"Breathable fabric, Various sizes",4.7,Stylish and comfortable for summer
P00647,Grain-Free Pet Food,Pets,Pet Health Products,SUP119,39.99,"Fish and sweet potato, 10kg",4.8,Nutritious and tasty for pets
P00648,Induction Cooktop,Kitchenware,Cooking Appliances,SUP120,139.99,"Portable, Touch controls",4.9,Efficient and easy to operate
P00649,Expedition Sleeping Bag Pro,Outdoor,Camping Gear,SUP111,89.99,"Extreme cold, Down filled",4.7,Superior warmth and comfort
P00650,Antique Literature Deluxe Collection,Books,Rare Books,SUP112,150.99,"Hardcover, Gold leaf pages",4.9,Luxurious and historical
P00651,Advanced Aquarium Kit,Pets,Aquarium Supplies,SUP113,79.99,"30L tank, Advanced filter",4.8,Perfect for enthusiasts
P00652,Electric Car Jack,Auto,Car Maintenance Tools,SUP114,119.99,"Automatic, 3-ton capacity",4.6,Fast and effortless lifting
P00653,Eco-Friendly Detergent Plus,Home Goods,Eco-Friendly Home Products,SUP115,18.99,"Concentrated, 3L",4.7,"Long-lasting, eco-friendly"
P00654,Exotic Himalayan Salt Blend,Food,Exotic Spices,SUP116,10.99,"Mixed flavors, 750g",4.8,"Unique taste, mineral-rich"
P00655,Ultimate Woodworking Kit,Tools,Woodworking Tools,SUP117,149.99,"Comprehensive set, Premium case",4.7,"All-in-one, professional quality"
P00656,Trendy Sneakers Limited Edition,Fashion,Trendy Clothing,SUP118,89.99,"Designer, Limited sizes",4.6,Exclusive and fashionable
P00657,Organic Pet Food Premium,Pets,Pet Food,SUP119,34.99,"Grain-free, Lamb, 5kg",4.8,"Premium quality, pet-friendly"
P00658,Blender Pro,Kitchenware,Kitchen Gadgets,SUP120,109.99,"1000W, Multi-function",4.9,"More power, more options"
P00659,Insulated Water Bottle,Outdoor,Camping Gear,SUP111,19.99,"Stainless steel, 1L",4.7,Keeps liquids hot or cold
P00660,Rare Comics Edition,Books,Collectibles,SUP112,29.99,"Signed, Limited edition",4.9,"Collectible, high value"
P00661,Deluxe Marine Light Kit,Pets,Marine Equipment,SUP113,99.99,"Full spectrum, Adjustable",4.8,Optimal for coral growth
P00662,Advanced Scan Tool,Auto,Automotive Supplies,SUP114,179.99,"Wi-Fi enabled, Comprehensive diagnostics",4.7,"Professional quality, versatile"
P00663,Zero-Waste Paper Towels,Home Goods,Cleaning Supplies,SUP115,9.99,"Reusable, Organic cotton",4.6,"Sustainable, washable"
P00664,Premium Gourmet Pepper Set,Food,Seasoning Blends,SUP116,17.99,"Rare blends, 3-pack grinder",4.9,"Exquisite flavors, gourmet choice"
P00665,Pro Circular Saw,Tools,Workshop Equipment,SUP117,139.99,"Cordless, Laser guide",4.8,"Accurate, powerful, portable"
P00666,High-End Fashion Backpack,Fashion,Fashion Accessories,SUP118,69.99,"Designer, Water-resistant",4.8,Luxury and utility combined
P00667,Special Diet Pet Food,Pets,Pet Health Products,SUP119,15.99,"Hypoallergenic, 2kg",4.7,For pets with sensitivities
P00668,Smart Induction Cooktop,Kitchenware,Cooking Appliances,SUP120,169.99,"Wi-Fi enabled, Voice control",4.9,"High-tech, convenient cooking"
P00669,Lightweight Expedition Bag,Outdoor,Camping Gear,SUP111,69.99,"3-season, Compact",4.6,Ideal for backpacking
P00670,Vintage Deluxe Book Set,Books,Rare Books,SUP112,180.99,"Collector's set, Illustrated",5.0,"Magnificent, rare collection"
P00671,Marine Tank Upgrade Kit,Pets,Marine Equipment,SUP113,119.99,"Advanced filtration, 60L",4.9,Superior setup for marine life
P00672,Ultimate Car Maintenance Kit,Auto,Car Maintenance Tools,SUP114,129.99,"Complete set, Portable case",4.6,"All-in-one, convenient"
P00673,Biodegradable Laundry Pods,Home Goods,Eco-Friendly Home Products,SUP115,19.99,"Pre-measured, 30-count",4.7,"Hassle-free, earth-friendly"
P00674,Spice Blend Collection,Food,Exotic Spices,SUP116,22.99,"Global flavors, 6-pack",4.9,"Culinary adventure, premium quality"
P00675,Professional Woodworking Station,Tools,Woodworking Tools,SUP117,199.99,"All-purpose, Precision tools",4.8,"Workshop essential, top-grade"
P00676,Seasonal Fashion Collection,Fashion,Trendy Clothing,SUP118,99.99,"Limited edition, Assorted sizes",4.7,"Trendsetting, exclusive designs"
P00677,Premium Organic Pet Food,Pets,Pet Food,SUP119,44.99,"Organic, Beef, 10kg",4.9,"Top quality, pet-approved"
P00678,Gourmet Multi-Cooker,Kitchenware,Kitchen Gadgets,SUP120,159.99,"Multiple functions, Large capacity",4.9,"Cooks everything, user-friendly"
P00679,Smart HD TV,Electronics,Home Theater,SUP01,599.99,"4K, 55-inch, Smart features",4.7,"High-quality image, user-friendly interface"
P00680,Wireless Soundbar,Electronics,Home Theater,SUP01,179.99,"Bluetooth, Surround sound",4.6,"Rich sound, sleek design"
P00681,Home Cinema System,Electronics,Home Theater,SUP01,899.99,"5.1 Channel, 4K Upscaling",4.8,"Immersive experience, easy setup"
P00682,Streaming Media Player,Electronics,Home Theater,SUP01,129.99,"4K HDR, Voice control",4.5,Versatile and fast streaming
P00683,Blu-ray Player,Electronics,Home Theater,SUP01,249.99,"4K, High-speed loading",4.7,Superior picture quality
P00684,Ultra Short Throw Projector,Electronics,Home Theater,SUP01,1099.99,"1080p, 1500 lumens",4.9,"Bright and clear, space-saving"
P00685,Virtual Reality Headset,Electronics,Home Theater,SUP01,399.99,"Wireless, HD visuals",4.6,Immersive gaming and movies
P00686,Smart Lighting Kit,Electronics,Home Theater,SUP01,199.99,"Color changing, App control",4.5,Enhances movie watching experience
P00687,Universal Remote,Electronics,Home Theater,SUP01,59.99,"Touchscreen, Programmable",4.4,Convenient and user-friendly
P00688,Home Theater Recliner,Electronics,Home Theater,SUP01,749.99,"Leather, Built-in speakers",4.7,"Ultimate comfort, integrated audio"
P00689,Compression Leggings,Sports,Fitness Clothing,SUP81,39.99,"Moisture-wicking, Stretch fabric",4.6,Supportive and comfortable
P00690,Running T-shirt,Sports,Fitness Clothing,SUP81,24.99,"Breathable, Quick-dry",4.5,Lightweight and keeps you dry
P00691,Sports Bra,Sports,Fitness Clothing,SUP81,34.99,"High support, Padded",4.7,Comfortable for intense workouts
P00692,Athletic Shorts,Sports,Fitness Clothing,SUP81,29.99,"Flexible, Sweat-wicking",4.5,Great for running and gym
P00693,Workout Tank Top,Sports,Fitness Clothing,SUP81,22.99,"Soft fabric, Loose fit",4.4,Stylish and functional
P00694,Training Jacket,Sports,Fitness Clothing,SUP81,49.99,"Wind resistant, Reflective details",4.6,Perfect for outdoor workouts
P00695,Cross-Training Shoes,Sports,Fitness Clothing,SUP81,59.99,"Stable, Multi-directional grip",4.7,Durable and versatile for various workouts
P00696,Yoga Pants,Sports,Fitness Clothing,SUP81,42.99,"Stretchable, High-waist",4.8,Comfortable and perfect for yoga
P00697,Exercise Headband,Sports,Fitness Clothing,SUP81,14.99,"Non-slip, Sweat-absorbing",4.5,Keeps hair and sweat out of eyes
P00698,Fitness Gloves,Sports,Fitness Clothing,SUP81,19.99,"Padded, Grip enhancement",4.6,Protects hands during weightlifting
P00699,Superfood Smoothie Mix,Food,Health,SUP70,15.99,"Organic berries, Seeds, 500g",4.7,Nutrient-rich and delicious
P00700,Vegan Energy Bars,Food,Health,SUP70,3.49,"Plant-based, 12g protein, 5 bars",4.6,Great for on-the-go energy
P00701,Green Tea Extract,Food,Health,SUP70,18.99,"High antioxidants, 60 capsules",4.5,Boosts metabolism and health
P00702,Organic Almond Butter,Food,Health,SUP70,9.99,"Smooth, Unsweetened, 250g",4.8,Healthy and versatile spread
P00703,Chia Seeds,Food,Health,SUP70,7.99,"Natural, Fiber-rich, 500g",4.7,Perfect for smoothies and baking
P00704,Herbal Detox Tea,Food,Health,SUP70,12.99,"Caffeine-free, 20 tea bags",4.6,Cleansing and soothing
P00705,Whole Grain Oats,Food,Health,SUP70,4.99,"Gluten-free, Steel-cut, 1kg",4.7,Ideal for a hearty breakfast
P00706,Plant Protein Powder,Food,Health,SUP70,29.99,"Pea protein, Vanilla flavor, 1kg",4.8,"Builds muscle, dairy-free"
P00707,Organic Trail Mix,Food,Health,SUP70,6.99,"Nuts, Seeds, Dried fruit, 300g",4.5,Energizing and convenient snack
P00708,Natural Yogurt,Food,Health,SUP70,3.99,"Probiotic, Low-fat, 500ml",4.6,Great for digestion and health
P00709,Pro Aerial Drone,Tech,Drone Technology,SUP83,299.99,"4K camera, 30 min flight",4.7,Professional quality footage
P00710,Mini Drone,Tech,Drone Technology,SUP83,59.99,"Compact, 720p camera, 10 min flight",4.5,Great for beginners
P00711,Racing Drone,Tech,Drone Technology,SUP83,199.99,"High-speed, FPV, 20 min flight",4.8,Thrilling racing experience
P00712,Waterproof Drone,Tech,Drone Technology,SUP83,259.99,"Submersible, 1080p camera, 25 min flight",4.6,Perfect for underwater photography
P00713,Long Range Drone,Tech,Drone Technology,SUP83,349.99,"Extended range, 4K camera, 40 min flight",4.9,Ideal for exploration and long flights
P00714,Foldable Drone,Tech,Drone Technology,SUP83,179.99,"Portable, 1080p camera, 15 min flight",4.6,Convenient for travel
P00715,Night Vision Drone,Tech,Drone Technology,SUP83,399.99,"Infrared camera, 4K, 30 min flight",4.8,Suitable for night surveillance
P00716,Drone with VR Headset,Tech,Drone Technology,SUP83,249.99,"FPV via VR headset, 1080p, 20 min flight",4.7,Immersive flying experience
P00717,Photography Drone,Tech,Drone Technology,SUP83,279.99,"Stabilized camera, 12MP, 4K video, 30 min flight",4.8,Excellent for aerial photography
P00718,Selfie Drone,Tech,Drone Technology,SUP83,99.99,"Gesture control, 720p camera, 12 min flight",4.5,Ideal for capturing personal moments
P00719,Science Exploration Kit,Toys,Education,SUP35,34.99,"Ages 6-8, Experiments included",4.8,Stimulates scientific curiosity
P00720,Kids Puzzle Game,Toys,Education,SUP35,19.99,"Ages 4-6, Cognitive skills",4.6,Challenging and fun
P00721,Math Learning Toy,Toys,Education,SUP35,24.99,"Ages 5-7, Arithmetic practice",4.7,Interactive and educational
P00722,Geography Board Game,Toys,Education,SUP35,29.99,"Ages 7-9, World geography",4.7,Engaging and informative
P00723,Art and Craft Kit,Toys,Education,SUP35,26.99,"Ages 3-5, Creativity booster",4.6,Encourages artistic skills
P00724,Interactive Storybook,Toys,Education,SUP35,22.99,"Ages 4-6, Reading skills",4.8,"Fun stories, interactive"
P00725,Junior Music Set,Toys,Education,SUP35,39.99,"Ages 5-8, Musical instruments",4.7,Introduces music basics
P00726,Language Learning Toy,Toys,Education,SUP35,27.99,"Ages 6-8, Multiple languages",4.8,Promotes language skills
P00727,Solar System Model Kit,Toys,Education,SUP35,31.99,"Ages 7-10, Astronomy",4.9,Educational and interactive
P00728,Building Blocks Set,Toys,Education,SUP35,49.99,"Ages 4-7, Engineering skills",4.7,Creative and engaging
P00729,Artisan Coffee Blend,Food,Beverages,SUP76,24.99,"Whole bean, 500g",4.7,Rich and smooth flavor
P00730,Organic Herbal Tea,Food,Beverages,SUP76,14.99,"Caffeine-free, 30 bags",4.8,Calming and soothing
P00731,Green Tea Extract,Food,Beverages,SUP76,29.99,"Natural, 60 capsules",4.6,Energizing and healthy
P00732,Craft Beer Assortment,Food,Beverages,SUP76,34.99,"Mixed variety, 6-pack",4.7,Unique and diverse flavors
P00733,Fresh Juice Variety Pack,Food,Beverages,SUP76,18.99,"100% juice, 4 flavors",4.6,Fresh and natural taste
P00734,Fine Wine Selection,Food,Beverages,SUP76,49.99,"Red and white, 750ml each",4.8,Elegant and sophisticated
P00735,Sparkling Water,Food,Beverages,SUP76,12.99,"Carbonated, No sugar, 12-pack",4.5,Refreshing and light
P00736,Energy Drink Bulk Pack,Food,Beverages,SUP76,39.99,"Boosts energy, 24 cans",4.6,Powerful and effective
P00737,Detox Smoothie Mix,Food,Beverages,SUP76,22.99,"Superfoods blend, 400g",4.7,Nutritious and delicious
P00738,Cold Brew Coffee Kit,Food,Beverages,SUP76,27.99,"Smooth, Low acidity, 500g",4.8,"Easy to make, great taste"
P00739,Strategy Board Game,Games,Strategy,SUP88,49.99,"Complex tactics, Ages 12+",4.7,Challenging and engaging
P00740,Adventure Video Game,Games,Video Games,SUP88,59.99,"Open world, Multiple platforms",4.8,Exciting and immersive
P00741,Classic Card Game Set,Games,Card Games,SUP88,19.99,"Multiple decks, Family-friendly",4.6,Classic and fun for all
P00742,Interactive Puzzle Game,Games,Puzzles,SUP88,29.99,"3D challenges, Ages 10+",4.7,Brain-teasing and enjoyable
P00743,Fantasy Role-Playing Game,Games,Role-Playing,SUP88,69.99,"Detailed world, Ages 14+",4.9,Creative and captivating
P00744,Children's Educational Game,Games,Educational,SUP88,24.99,"Learning focused, Ages 4-8",4.8,Fun and educational
P00745,Virtual Reality Game,Games,VR Games,SUP88,79.99,"Immersive experience, VR headset required",4.9,Innovative and thrilling
P00746,Party Game Collection,Games,Party,SUP88,39.99,"Group games, Easy to learn",4.7,Perfect for social gatherings
P00747,Trivia Game Night,Games,Trivia,SUP88,34.99,"Multiple categories, Ages 12+",4.6,Entertaining and informative
P00748,Action Arcade Game,Games,Arcade,SUP88,54.99,"Fast-paced, High score challenge",4.7,Addictive and exciting
P00749,Stainless Steel Cleaner,Cleaning,Kitchen Cleaning,SUP65,14.99,"Non-abrasive, 500ml",4.6,Shines and protects
P00750,Window and Glass Cleaner,Cleaning,Household Tools,SUP65,13.99,"Streak-free, Ammonia-free",4.7,Clear and bright
P00751,Anti-Bacterial Bathroom Cleaner,Cleaning,Bathroom Supplies,SUP65,15.99,Kills 99.9% of bacteria,4.8,Hygienic and powerful
P00752,All-Purpose Floor Cleaner,Cleaning,Floor Care,SUP65,17.99,"Safe for all floors, 1L",4.5,Cleans and shines
P00753,Organic Dish Soap,Cleaning,Kitchen Cleaning,SUP65,9.99,"Gentle on hands, 750ml",4.7,Effective and natural
P00754,Laundry Detergent Pods,Cleaning,Laundry Supplies,SUP65,19.99,"Hypoallergenic, 40 pods",4.6,Convenient and gentle
P00755,Carpet Stain Remover,Cleaning,Carpet Care,SUP65,12.99,"Fast-acting, Safe for pets",4.7,Removes tough stains
P00756,Furniture Polish Spray,Cleaning,Furniture Care,SUP65,11.99,Nourishing wood formula,4.6,Shines and protects
P00757,Lemon-Scented Disinfectant Wipes,Cleaning,Disinfectants,SUP65,8.99,"Kills germs, 50 wipes",4.8,Convenient and refreshing
P00758,Natural Air Freshener,Cleaning,Air Care,SUP65,7.99,"Non-toxic, Essential oils",4.5,Pleasant and long-lasting
P00759,Travel Picnic Blanket,Leisure,Outdoor,SUP68,24.99,"Waterproof, Foldable",4.6,Compact and versatile
P00760,Outdoor Folding Chair,Leisure,Outdoor,SUP68,45.99,"Lightweight, Durable",4.5,Comfortable and easy to carry
P00761,Portable BBQ Grill,Leisure,Outdoor,SUP68,69.99,"Compact, Charcoal",4.7,Perfect for picnics and camping
P00762,Garden Swing Seat,Leisure,Outdoor,SUP68,149.99,"Wooden, 3-seater",4.8,Elegant and relaxing
P00763,Beach Umbrella,Leisure,Outdoor,SUP68,29.99,"UV Protection, Tilt mechanism",4.4,Great for sunny days
P00764,Camping Lantern,Leisure,Outdoor,SUP68,19.99,"LED, Rechargeable",4.6,Bright and long-lasting
P00765,Yoga Mat,Leisure,Outdoor,SUP68,32.99,"Non-slip, Eco-friendly",4.7,Durable and comfortable
P00766,Inflatable Pool Float,Leisure,Outdoor,SUP68,14.99,"Fun designs, Easy to inflate",4.5,Fun and relaxing
P00767,Outdoor Fire Pit,Leisure,Outdoor,SUP68,89.99,"Steel construction, Mesh cover",4.7,Perfect for gatherings
P00768,Bird Watching Binoculars,Leisure,Outdoor,SUP68,54.99,"High magnification, Waterproof",4.6,Clear view and durable
P00769,Compact Travel Adapter,Travel,Accessories,SUP35,24.99,"Universal, USB ports",4.8,Convenient and versatile
P00770,Luxury Travel Kit,Travel,Gear,SUP45,49.99,"Includes sleep mask, earplugs",4.6,Essential for comfortable travel
P00771,Lightweight Camping Tent,Travel,Outdoor,SUP45,129.99,"2-person, Easy setup",4.7,Perfect for hiking trips
P00772,Rolling Duffel Bag,Travel,Luggage,SUP36,79.99,"Large capacity, Wheeled",4.5,Great for long trips
P00773,Electronic Luggage Scale,Travel,Accessories,SUP35,15.99,"Digital, Compact",4.6,Accurate and easy to use
P00774,Solar Charger Backpack,Travel,Gear,SUP45,89.99,"Built-in solar panel, USB charging",4.7,Eco-friendly and practical
P00775,Travel First Aid Kit,Travel,Outdoor,SUP45,29.99,"Comprehensive, Portable",4.8,Must-have for outdoor adventures
P00776,Designer Travel Wallet,Travel,Accessories,SUP35,34.99,"Leather, Multiple compartments",4.7,Stylish and functional
P00777,Portable Coffee Maker,Travel,Gear,SUP45,59.99,"Compact, Battery operated",4.6,Great for coffee lovers on the go
P00778,Foldable Water Bottle,Travel,Accessories,SUP35,12.99,"Silicone, Leakproof",4.5,Space-saving and convenient
P00779,Classic Violin,Music,Instruments,SUP51,299.99,"Full size, Handcrafted",4.8,"Rich sound, excellent craftsmanship"
P00780,Bass Guitar,Music,Instruments,SUP51,349.99,"4-string, Solid body",4.7,"Deep tones, high quality"
P00781,Drum Set,Music,Instruments,SUP51,499.99,"5-piece, High-grade cymbals",4.9,"Professional sound, durable"
P00782,Electric Keyboard,Music,Instruments,SUP51,199.99,"61 keys, Multiple sound effects",4.6,Versatile and user-friendly
P00783,Ukulele,Music,Instruments,SUP51,99.99,"Soprano, Mahogany",4.7,"Warm tones, portable"
P00784,Digital Piano,Music,Instruments,SUP51,599.99,"88 weighted keys, Built-in speakers",4.9,"Authentic feel, excellent sound"
P00785,Classical Harmonica,Music,Instruments,SUP51,29.99,"10 holes, Stainless steel",4.5,"Clear sound, easy to play"
P00786,Professional Saxophone,Music,Instruments,SUP51,699.99,"Alto, Brass body",4.8,"Rich sound, precision crafted"
P00787,Electronic Drum Pad,Music,Instruments,SUP51,249.99,"Portable, USB connectivity",4.7,Great for practice and performance
P00788,Mandolin,Music,Instruments,SUP51,179.99,"8-string, Rosewood",4.6,"Crisp sound, traditional design"
P00789,RC Racing Car,Toys & Games,Remote Control,SUP106,49.99,"High-speed, Rechargeable",4.6,Fast and durable for all ages
P00790,Wooden Puzzle Set,Toys & Games,Puzzles,SUP106,29.99,"Handcrafted, Eco-friendly",4.7,Creative and educational
P00791,Interactive Science Kit,Toys & Games,Educational,SUP106,54.99,"STEM learning, Ages 8+",4.8,Promotes scientific curiosity
P00792,Classic Chess Set,Toys & Games,Board Games,SUP106,39.99,"Wooden, Timeless design",4.9,Elegant and intellectual game
P00793,Children's Play Tent,Toys & Games,Outdoor,SUP106,59.99,"Easy setup, Durable",4.5,Perfect for imaginative play
P00794,Junior Robotics Kit,Toys & Games,Educational,SUP106,69.99,"Build and program, Ages 10+",4.8,Fosters creativity in technology
P00795,Magnetic Building Blocks,Toys & Games,Educational,SUP106,34.99,"Safe, Colorful, Ages 3-6",4.7,Stimulates early learning and motor skills
P00796,Tabletop Air Hockey,Toys & Games,Family,SUP106,89.99,"Compact, Electric scoring",4.6,Fun and competitive for all ages
P00797,DIY Craft Kit,Toys & Games,Crafts,SUP106,24.99,"Variety of materials, Ages 7+",4.7,Encourages artistic expression
P00798,Remote Control Drone,Toys & Games,Remote Control,SUP106,99.99,"HD Camera, Easy to fly",4.9,Exciting and high-tech fun
P00799,Action Figure Set,Toys & Games,Collectibles,SUP106,49.99,"Collectible, Detailed designs",4.5,Great for collectors and kids
P00800,Electronic Keyboard,Toys & Games,Musical,SUP106,79.99,"Multi-function, Recording feature",4.8,Encourages musical talent
P00801,Virtual Reality Game Set,Toys & Games,Electronics,SUP106,149.99,"Immersive experience, Ages 12+",4.9,Cutting-edge gaming technology
P00802,Science Experiment Lab,Toys & Games,Educational,SUP106,59.99,"Safe experiments, Ages 9+",4.7,Inspires learning and discovery
P00803,Outdoor Adventure Kit,Toys & Games,Outdoor,SUP106,44.99,"Binoculars, Compass, Ages 6+",4.6,Encourages exploration and nature love
P00804,Silk Fabric Roll,Fabrics,Textiles,SUP63,79.99,"Pure silk, 10 yards",4.8,Luxurious and smooth
P00805,Cotton Quilting Fabric,Fabrics,Textiles,SUP63,34.99,"100% cotton, Assorted colors, 5 yards",4.7,Perfect for quilting projects
P00806,Upholstery Fabric Set,Fabrics,Textiles,SUP63,49.99,"Durable, Mixed patterns, 5 yards",4.5,Ideal for furniture and home decor
P00807,Wool Blend Fabric,Fabrics,Textiles,SUP63,69.99,"Wool blend, 8 yards",4.6,Warm and versatile for clothing
P00808,Organic Linen Fabric,Fabrics,Textiles,SUP63,44.99,"Eco-friendly, Natural color, 6 yards",4.7,Sustainable and high-quality for sewing
P00809,Deluxe Scrapbooking Kit,Crafts,Scrapbooking,SUP85,34.99,"Assorted papers, Stickers, Tools",4.6,Perfect for memory keeping
P00810,Crochet Set,Crafts,Sewing Supplies,SUP63,19.99,"Hooks, Yarn variety, Patterns",4.7,Ideal for beginners and pros
P00811,DIY Jewelry Making Kit,Crafts,Jewelry,SUP85,45.99,"Beads, Wires, Tools",4.8,Create unique pieces
P00812,Professional Calligraphy Set,Crafts,Materials,SUP85,49.99,"Nibs, Inks, Guidebook",4.9,Elegant and versatile
P00813,Quilting Kit,Crafts,Sewing Supplies,SUP63,59.99,"Fabrics, Templates, Tools",4.7,Comprehensive set for quilting
P00814,Woodworking Craft Kit,Crafts,Woodworking,SUP85,69.99,"Wood pieces, Tools, Patterns",4.8,Great for DIY projects
P00815,Leather Crafting Set,Crafts,Materials,SUP85,79.99,"Leather pieces, Tools, Dyes",4.7,For custom leather works
P00816,DIY Pottery Kit,Crafts,Ceramics,SUP85,99.99,"Clay, Tools, Paints",4.9,Fun and creative pottery making
P00817,Glass Etching Kit,Crafts,Glasswork,SUP85,39.99,"Etching cream, Stencils, Tools",4.6,Create personalized glass art
P00818,Advanced Embroidery Kit,Crafts,Sewing Supplies,SUP63,29.99,"Threads, Patterns, Hoops",4.8,Detailed and vibrant designs
P00819,Compact Dishwasher,Appliances,Kitchenware,SUP14,499.99,"Energy-efficient, 6 settings",4.3,Space-saving and effective
P00820,Electric Toaster,Appliances,Kitchen,SUP04,29.99,"4-slice, Multiple browning levels",4.2,Convenient and consistent
P00821,Smart Microwave Oven,Appliances,Kitchen,SUP14,199.99,"Wi-Fi enabled, Voice control",4.5,High-tech and user-friendly
P00822,Electric Pressure Cooker,Appliances,Kitchenware,SUP14,89.99,"6 Qt, Multiple programs",4.6,"Fast cooking, versatile"
P00823,Double Door Refrigerator,Appliances,Kitchen,SUP04,599.99,"350L, Frost-free, Energy-saving",4.4,Spacious and efficient design
P00824,Convection Oven,Appliances,Kitchenware,SUP14,159.99,"Countertop, Multi-function",4.5,Versatile and easy to use
P00825,Coffee Maker,Appliances,Kitchen,SUP14,69.99,"Programmable, 12-cup capacity",4.3,Perfect coffee every time
P00826,Food Processor,Appliances,Kitchenware,SUP14,99.99,"Multi-purpose, Various attachments",4.6,Time-saving and efficient
P00827,Air Fryer,Appliances,Kitchenware,SUP14,149.99,"Healthier frying, Easy clean",4.7,Crispy food with less oil
P00828,Wine Cooler,Appliances,Kitchen,SUP04,249.99,"Temperature control, 12 bottles",4.5,Elegant and practical
P00829,Electric Griddle,Appliances,Kitchenware,SUP14,59.99,"Large surface, Non-stick",4.4,Great for family breakfasts
P00830,Induction Cooktop,Appliances,Kitchen,SUP14,129.99,"Portable, Efficient heating",4.6,Safe and fast cooking
P00831,Slow Cooker,Appliances,Kitchenware,SUP14,49.99,"6 Qt, Programmable",4.5,Convenient for busy lifestyles
P00832,Steam Iron,Appliances,Kitchen,SUP04,39.99,"High steam output, Durable",4.3,Effective for all fabrics
P00833,Bread Maker,Appliances,Kitchenware,SUP14,109.99,"Automatic, Various settings",4.7,Homemade bread easily
P00834,Vacuum Sealer,Appliances,Kitchenware,SUP14,79.99,"Food preservation, Easy operation",4.5,Keeps food fresh longer
P00835,Stand Mixer,Appliances,Kitchenware,SUP14,199.99,"Multi-function, Durable",4.8,Essential for baking enthusiasts
P00836,Portable Ice Maker,Appliances,Kitchen,SUP04,129.99,"Quick ice production, Compact",4.6,Convenient for parties
P00837,Electric Kettle,Appliances,Kitchenware,SUP14,34.99,"Fast boiling, Cordless",4.4,Perfect for tea and coffee
P00838,Home Theater System,Appliances,Home Theater,SUP14,299.99,"Surround sound, Bluetooth",4.7,Enhances movie experience
P00839,DIY Home Repair Kit,Home Solutions,DIY Tools,SUP59,139.99,"Basic hand tools, Measuring tape",4.6,Ideal for home repairs
P00840,Electric Drill Set,Home Solutions,DIY Tools,SUP59,89.99,"Cordless, Multiple drill bits",4.7,Powerful and easy to use
P00841,Home Painting Kit,Home Solutions,DIY Tools,SUP59,74.99,"Rollers, Brushes, Tray",4.5,Complete set for home painting
P00842,Plumbing Tool Set,Home Solutions,DIY Tools,SUP59,119.99,"Pipe wrenches, Sealant",4.6,Essential for plumbing fixes
P00843,Woodworking Tool Collection,Home Solutions,DIY Tools,SUP59,179.99,"Chisels, Hammer, Saw",4.8,Perfect for woodworking enthusiasts
P00844,Home Electrician Kit,Home Solutions,DIY Tools,SUP59,99.99,"Insulated tools, Voltage tester",4.7,Safe and comprehensive
P00845,Wall Mounting Kit,Home Solutions,DIY Tools,SUP59,49.99,"Drill, Wall plugs, Level",4.5,Everything needed for wall mounting
P00846,Gardening Tool Set,Home Solutions,DIY Tools,SUP59,64.99,"Spade, Fork, Gloves",4.6,Durable tools for gardening
P00847,Car Maintenance Kit,Home Solutions,DIY Tools,SUP59,109.99,"Wrench set, Jack, Tire gauge",4.7,Essential tools for car upkeep
P00848,Heavy Duty Tool Box,Home Solutions,DIY Tools,SUP59,59.99,"Robust case, Organized compartments",4.4,Sturdy and spacious for tools
P00849,Natural Shampoo,Personal Care,Hair Care,SUP07,12.99,"Sulfate-free, 500ml",4.6,"Nourishes hair, eco-friendly"
P00850,Luxury Bath Bombs,Personal Care,Bath,SUP47,19.99,"Assorted scents, 6 pack",4.8,"Relaxing, skin-friendly"
P00851,Beard Grooming Kit,Personal Care,Men's Grooming,SUP07,29.99,"Oil, Balm, Comb",4.7,Complete care for beards
P00852,Moisturizing Hand Cream,Personal Care,Skin Care,SUP47,9.99,"Hydrating, 100ml",4.5,Softens and protects skin
P00853,Hair Styling Gel,Personal Care,Hair Care,SUP07,8.99,"Strong hold, 250ml",4.4,"Non-greasy, long-lasting"
P00854,Silk Sleep Mask,Personal Care,Sleep Aid,SUP47,14.99,"100% silk, Adjustable",4.6,"Comfortable, blocks light effectively"
P00855,Facial Cleansing Brush,Personal Care,Skin Care,SUP07,34.99,"Electric, Gentle bristles",4.7,"Deep cleans, enhances skin"
P00856,Sunscreen SPF 50,Personal Care,Sun Care,SUP47,15.99,"Water-resistant, 150ml",4.5,Effective UV protection
P00857,Anti-Aging Serum,Personal Care,Skin Care,SUP07,39.99,"Vitamin C, 50ml",4.8,"Reduces wrinkles, brightens skin"
P00858,Manicure Set,Personal Care,Nail Care,SUP47,24.99,"Stainless steel, 10-piece",4.6,"Durable, professional quality"
P00859,Aftershave Balm,Personal Care,Men's Grooming,SUP07,14.99,"Soothing, 100ml",4.5,Calms skin post-shave
P00860,Foot Spa Bath Salts,Personal Care,Foot Care,SUP47,12.99,"Epsom salt, 500g",4.6,Relieves foot stress
P00861,Detangling Hair Brush,Personal Care,Hair Care,SUP07,16.99,"Gentle on hair, for all hair types",4.7,"Prevents breakage, smooth combing"
P00862,Body Scrub,Personal Care,Skin Care,SUP47,17.99,"Exfoliating, 250ml",4.6,"Removes dead skin, rejuvenates"
P00863,Organic Lip Balm,Personal Care,Lip Care,SUP07,4.99,"Natural ingredients, 15g",4.5,Hydrates and protects lips
P00864,Refreshing Toner,Personal Care,Skin Care,SUP47,18.99,"Alcohol-free, 200ml",4.7,Balances and refreshes skin
P00865,Shaving Cream,Personal Care,Men's Grooming,SUP07,9.99,"Rich lather, 150ml",4.5,"Smooth shave, skin-friendly"
P00866,Cooling Eye Gel,Personal Care,Eye Care,SUP47,21.99,"Soothing, 30ml",4.7,"Reduces puffiness, brightens eyes"
P00867,Perfume Set,Personal Care,Fragrance,SUP07,49.99,"Assorted scents, 3 x 30ml",4.8,"Elegant fragrances, long-lasting"
P00868,Hair Removal Wax Kit,Personal Care,Hair Removal,SUP47,24.99,"Complete kit, Gentle on skin",4.6,Effective and easy to use
P00869,Outdoor Solar Lights,Gardening,Equipment,SUP29,39.99,"Solar-powered, Set of 4",4.7,"Energy-efficient, beautiful lighting"
P00870,Vertical Garden Planter,Gardening,Plants,SUP64,89.99,"Wall-mounted, 5 tiers",4.6,"Space-saving, great for herbs"
P00871,Watering Can,Gardening,Tools,SUP64,19.99,"Metal, 2L",4.5,Sturdy and easy to use
P00872,Garden Tool Set,Gardening,Tools,SUP29,49.99,"5-piece, Ergonomic handles",4.7,Durable and comprehensive
P00873,Automatic Irrigation System,Gardening,Equipment,SUP29,79.99,"Timer, Customizable",4.8,"Saves water, convenient"
P00874,Rustic Wooden Planters,Gardening,Decor,SUP24,24.99,"Wooden, Set of 3",4.6,"Stylish, natural look"
P00875,Bonsai Tree Kit,Gardening,Plants,SUP64,34.99,Includes seeds and pot,4.7,Perfect for beginners
P00876,Garden Kneeler and Seat,Gardening,Tools,SUP29,29.99,"Foam pad, Foldable",4.5,Comfortable and practical
P00877,Hanging Planters,Gardening,Decor,SUP24,29.99,"Metal, Set of 2",4.6,"Modern design, versatile"
P00878,Organic Fertilizer,Gardening,Supplies,SUP64,12.99,"Natural, 1 kg",4.7,Promotes healthy plant growth
P00879,Bird Feeder,Gardening,Decor,SUP24,19.99,"Wooden, Weather-resistant",4.6,"Attracts birds, easy to fill"
P00880,Garden Hose with Reel,Gardening,Equipment,SUP29,59.99,"50 ft, Retractable",4.5,"Convenient storage, durable"
P00881,Rose Pruning Gloves,Gardening,Tools,SUP64,17.99,"Leather, Thorn-proof",4.8,Protective and comfortable
P00882,Plant Humidity Tray,Gardening,Supplies,SUP64,14.99,"Plastic, 30 cm",4.5,"Maintains moisture, protects surfaces"
P00883,Ornamental Wind Spinner,Gardening,Decor,SUP24,49.99,"Metal, Kinetic",4.7,"Adds movement, decorative"
P00884,Expandable Garden Trellis,Gardening,Plants,SUP64,24.99,"Wooden, Adjustable",4.6,Supports climbing plants
P00885,LED Landscape Spotlight,Gardening,Equipment,SUP29,34.99,"Solar, 4-pack",4.8,Highlights garden features
P00886,Organic Compost Bin,Gardening,Supplies,SUP64,69.99,"100L, Odorless",4.7,"Eco-friendly, easy to use"
P00887,Decorative Garden Flags,Gardening,Decor,SUP24,15.99,"Set of 5, Seasonal themes",4.5,"Adds color, festive"
P00888,Portable Potting Bench,Gardening,Tools,SUP29,79.99,"Wooden, Foldable",4.7,Convenient for gardening tasks
P00889,Bluetooth Soundbar,Electronics,Audio,SUP99,159.99,"Wireless, Home theater compatible",4.7,Enhances TV and movie audio
P00890,Wireless Earbuds,Electronics,Audio,SUP99,99.99,"Noise-cancelling, Long battery life",4.6,Compact and clear sound
P00891,Virtual Reality Headset,Electronics,Audio-Visual,SUP99,299.99,"3D Audio, Immersive experience",4.8,Realistic sound and visuals
P00892,Home Cinema Projector,Electronics,Audio-Visual,SUP99,349.99,"HD Quality, Wireless connectivity",4.7,Cinema experience at home
P00893,Portable Bluetooth Speaker,Electronics,Audio,SUP99,59.99,"Waterproof, Compact design",4.5,Great for outdoors and travel
P00894,DJ Headphones,Electronics,Audio,SUP99,129.99,"Professional quality, Comfortable fit",4.8,Ideal for DJs and audio professionals
P00895,4K Ultra HD TV,Electronics,Audio-Visual,SUP99,499.99,"55 inch, Smart features",4.9,Stunning picture quality
P00896,Desktop Microphone,Electronics,Audio,SUP99,79.99,"Studio quality, USB connection",4.6,Perfect for podcasting and recording
P00897,Compact Home Theater System,Electronics,Audio,SUP99,259.99,"5.1 Surround Sound, Bluetooth",4.7,Complete system for home entertainment
P00898,Digital Photo Frame,Electronics,Audio-Visual,SUP99,89.99,"10 inch, Wi-Fi enabled",4.5,Display photos and videos digitally
P00899,Deluxe Drawing Set,Arts,Crafts,SUP20,29.99,"Graphite & Charcoal Pencils, Erasers",4.7,Ideal for artists and hobbyists
P00900,Acrylic Paint Set,Arts,Craft Materials,SUP58,34.99,"12 colors, High-quality",4.8,Vibrant and long-lasting
P00901,Professional Sketch Pads,Arts,Crafts,SUP20,19.99,"A4, 120 pages, Acid-free",4.6,Perfect for sketching and drawing
P00902,Ceramic Sculpting Kit,Arts,Crafts,SUP58,49.99,"Tools, Clays, Guidebook",4.7,Great for beginners and experts
P00903,Oil Painting Set,Arts,Craft Materials,SUP20,39.99,"12 colors, Brushes, Canvas",4.8,Complete set for oil painting
P00904,Artist Mannequin,Arts,Crafts,SUP58,14.99,"Wooden, Adjustable",4.5,Helpful for figure drawing
P00905,Engraving Art Kit,Arts,Crafts,SUP20,24.99,"Metal sheets, Tools, Patterns",4.6,Fun and creative for all ages
P00906,Watercolor Pencils Set,Arts,Craft Materials,SUP58,29.99,"24 colors, Water-soluble",4.7,Versatile and easy to use
P00907,Calligraphy Starter Kit,Arts,Crafts,SUP20,22.99,"Inks, Nibs, Guide",4.6,Ideal for learning calligraphy
P00908,Clay Modeling Tools,Arts,Crafts,SUP58,19.99,Various shapes and sizes,4.5,Essential for sculpting
P00909,Fine Art Brush Set,Arts,Craft Materials,SUP20,27.99,"High-quality, Multiple sizes",4.8,Perfect for detailed work
P00910,Graphic Design Tablet,Arts,Crafts,SUP58,99.99,"Digital, Stylus included",4.9,Great for digital artists
P00911,Pastel Chalk Set,Arts,Craft Materials,SUP20,17.99,"Soft pastels, 24 colors",4.6,Smooth and blendable
P00912,Glass Painting Kit,Arts,Crafts,SUP58,29.99,"Paints, Outliners, Patterns",4.7,Unique and creative
P00913,Metallic Marker Set,Arts,Craft Materials,SUP20,12.99,"Assorted colors, Fine tip",4.5,Great for decorative projects
P00914,Origami Paper Set,Arts,Crafts,SUP58,9.99,"Colorful, Assorted sizes",4.6,Perfect for paper folding crafts
P00915,Airbrush Kit,Arts,Craft Materials,SUP20,79.99,"Complete set, Compressor",4.8,Ideal for artists and hobbyists
P00916,3D Pen Set,Arts,Crafts,SUP58,59.99,"Filaments included, User-friendly",4.7,Fun and innovative art tool
P00917,Fabric Painting Set,Arts,Craft Materials,SUP20,24.99,"Non-toxic, Assorted colors",4.6,Great for customizing fabrics
P00918,Stone Carving Set,Arts,Crafts,SUP58,49.99,"Tools, Stones, Guide",4.7,Ideal for beginners in stone carving
P00919,Compact Circular Saw,Tools,Power Tools,SUP38,99.99,"Cordless, 4-inch blade",4.5,Compact and efficient for quick cuts
P00920,Heavy-Duty Hammer Drill,Tools,Power Tools,SUP38,139.99,"Electric, Variable speed",4.6,Robust and reliable for tough materials
P00921,Professional Sander,Tools,Power Tools,SUP38,79.99,"Orbital, Dust collection",4.4,"Smooth finish, efficient dust handling"
P00922,Multi-Tool Kit,Tools,Construction Tools,SUP38,119.99,"Cordless, Various attachments",4.7,Versatile for different construction tasks
P00923,Electric Screwdriver Set,Tools,Power Tools,SUP38,59.99,"Rechargeable, Multiple heads",4.5,Convenient for everyday use
P00924,Industrial Jigsaw,Tools,Power Tools,SUP38,109.99,"Variable speed, Durable",4.6,Precise and powerful for intricate cuts
P00925,Construction Nailer,Tools,Construction Tools,SUP38,149.99,"Pneumatic, High capacity",4.8,Efficient and reliable for framing work
P00926,Table Saw,Tools,Power Tools,SUP38,199.99,"10-inch blade, Adjustable",4.7,Accurate and stable for large projects
P00927,Electric Planer,Tools,Power Tools,SUP38,89.99,"Handheld, Dust ejector",4.5,"Smooth operation, convenient dust management"
P00928,Portable Work Light,Tools,Construction Tools,SUP38,49.99,"LED, Rechargeable",4.4,Bright and durable for construction sites
P00929,Organic Energy Bars,Food,Snacks,SUP96,7.99,"Energy boosting, 12 pack",4.6,Nutritious and perfect for on-the-go
P00930,Herbal Detox Tea,Food,Beverages,SUP96,12.99,"Cleansing blend, 20 tea bags",4.7,Refreshing and purifying
P00931,Superfood Smoothie Mix,Food,Health,SUP96,14.99,"Spirulina, Chia, Flaxseed",4.8,Rich in nutrients and flavor
P00932,Natural Almond Butter,Food,Spreads,SUP96,8.99,"Creamy, No added sugar",4.6,Delicious and healthy alternative
P00933,Organic Quinoa,Food,Grains,SUP96,5.99,"Gluten-free, 1 lb bag",4.7,Versatile and high in protein
P00934,Vegan Protein Powder,Food,Supplements,SUP96,29.99,"Pea protein, Chocolate flavor",4.8,Great taste and plant-based
P00935,Herbal Wellness Shots,Food,Health,SUP96,19.99,"Ginger and turmeric, 10 pack",4.6,Immunity boosting and convenient
P00936,Eco-Friendly Snack Bars,Food,Snacks,SUP96,6.49,"Biodegradable packaging, 12 pack",4.5,Tasty and eco-conscious
P00937,Organic Herbal Supplements,Food,Supplements,SUP96,24.99,"Daily vitamins, 30 capsules",4.7,Natural and effective
P00938,Keto-Friendly Nuts Mix,Food,Snacks,SUP96,7.49,"Low carb, Mixed nuts",4.6,Ideal for keto diet
P00939,Green Superfood Powder,Food,Health,SUP96,34.99,"Spirulina, Wheatgrass, 300g",4.8,Nutrient-dense and easy to mix
P00940,Organic Dried Fruits,Food,Snacks,SUP96,9.99,"No sugar added, 500g",4.7,Sweet and natural snack
P00941,Herbal Sleep Aid Tea,Food,Beverages,SUP96,13.99,"Chamomile, Lavender, 20 bags",4.6,Relaxing and helps with sleep
P00942,Raw Nut Mix,Food,Snacks,SUP96,8.99,"Assorted raw nuts, 400g",4.6,Healthy and satisfying
P00943,Gluten-Free Baking Mix,Food,Bakery,SUP96,5.99,"All-purpose, 1 lb",4.5,Convenient and versatile for baking
P00944,Organic Coconut Oil,Food,Oils,SUP96,10.99,"Cold-pressed, 500ml",4.7,Great for cooking and skincare
P00945,Vegetarian Capsules,Food,Supplements,SUP96,29.99,"Multivitamins, 60 capsules",4.8,Complete daily nutrition
P00946,Antioxidant Juice Blend,Food,Beverages,SUP96,15.99,"Berries mix, 1L",4.6,Delicious and packed with antioxidants
P00947,Probiotic Yogurt Snacks,Food,Dairy,SUP96,4.99,"Low-fat, Assorted flavors",4.5,Healthy and tasty probiotic snack
P00948,Organic Honey,Food,Sweeteners,SUP96,7.99,"Raw and unfiltered, 16 oz",4.7,Natural sweetness and health benefits
P00949,Shrimp Cocktail Platter,Food,Seafood,SUP30,24.99,"Pre-cooked, Ready to serve",4.6,Perfect for parties
P00950,Lobster Tails,Food,Seafood,SUP30,29.99,"Frozen, 2 tails per pack",4.7,Luxurious and tasty
P00951,Crab Meat,Food,Seafood,SUP30,17.99,"Canned, 200g",4.5,Versatile for recipes
P00952,Smoked Trout,Food,Seafood,SUP30,13.99,"Vacuum packed, 250g",4.6,Flavorful and convenient
P00953,Tilapia Fillets,Food,Seafood,SUP30,9.99,"Frozen, 500g",4.4,Lean and mild flavored
P00954,Mackerel in Olive Oil,Food,Seafood,SUP30,6.99,"Canned, 150g",4.5,Rich and nutritious
P00955,Octopus Tentacles,Food,Seafood,SUP30,22.99,"Frozen, 400g",4.7,Tender and versatile
P00956,King Crab Legs,Food,Seafood,SUP30,34.99,"Frozen, Pre-cooked",4.8,Luxury seafood choice
P00957,Sushi Grade Tuna,Food,Seafood,SUP30,25.99,"Fresh, 300g",4.9,Perfect for sushi making
P00958,Salmon Roe,Food,Seafood,SUP30,18.99,"Frozen, 200g",4.6,Delicate and flavorful
P00959,Halibut Steaks,Food,Seafood,SUP30,21.99,"Frozen, 2 steaks",4.5,Firm texture and rich taste
P00960,Cod Liver Oil,Food,Supplements,SUP30,14.99,"Bottle, 500ml",4.7,Healthy and high in Omega-3
P00961,Seafood Paella Kit,Food,Meal Kits,SUP30,19.99,Ingredients and recipe included,4.6,Easy and authentic
P00962,Anchovies in Salt,Food,Seafood,SUP30,7.99,"Jarred, 100g",4.4,Salty and flavorful
P00963,Sardines in Tomato Sauce,Food,Seafood,SUP30,5.99,"Canned, 150g",4.5,Convenient and tasty
P00964,Sea Bass Fillets,Food,Seafood,SUP30,16.99,"Frozen, Skin-on, 400g",4.7,Delicious and flaky
P00965,Rainbow Trout,Food,Seafood,SUP30,13.99,"Fresh, Whole fish",4.6,Freshwater delicacy
P00966,Catfish Fillets,Food,Seafood,SUP30,11.99,"Frozen, 500g",4.5,Mild and tender
P00967,Herring in Wine Sauce,Food,Seafood,SUP30,8.99,"Jarred, 200g",4.6,Traditionally prepared
P00968,Scallops,Food,Seafood,SUP30,27.99,"Frozen, Large size",4.7,Sweet and succulent
P00969,Trail Running Shoes,Clothing,Footwear,SUP15,69.99,"Rugged, Waterproof, Size 8-12",4.6,Durable for tough terrains
P00970,Fashion Ankle Boots,Clothing,Footwear,SUP15,89.99,"Leather, Zip closure, Size 6-10",4.7,Stylish and comfortable
P00971,Hiking Boots,Clothing,Footwear,SUP15,99.99,"High-top, Supportive, Size 7-11",4.8,Great for outdoor adventures
P00972,Children's Sneakers,Clothing,Footwear,SUP15,29.99,"Colorful, Durable, Sizes 1-5",4.5,Perfect for active kids
P00973,Women's Fashion Sneakers,Clothing,Footwear,SUP15,49.99,"Casual, Slip-on, Size 5-9",4.4,Trendy and easy to wear
P00974,Men's Loafers,Clothing,Footwear,SUP15,59.99,"Genuine leather, Comfortable, Size 8-12",4.6,Elegant and versatile
P00975,Waterproof Winter Boots,Clothing,Footwear,SUP15,79.99,"Insulated, Slip-resistant, Size 6-11",4.7,Warm and reliable in snow
P00976,Athletic Gym Sneakers,Clothing,Footwear,SUP15,64.99,"Breathable, Size 7-12, Non-marking sole",4.5,Ideal for indoor workouts
P00977,Beach Sandals,Clothing,Footwear,SUP15,24.99,"Lightweight, Quick-drying, Size 6-10",4.3,Comfortable for beach walks
P00978,Formal Dress Shoes,Clothing,Footwear,SUP15,89.99,"Classic style, Lace-up, Size 9-13",4.6,Perfect for business attire
P00979,Children's Winter Coat,Clothing,Children,SUP93,39.99,"Waterproof, Sizes 3-8",4.7,Cozy and protective for winter
P00980,Toddler T-Shirt Set,Clothing,Children,SUP93,19.99,"Cotton, Pack of 5, Sizes 2-4",4.6,Colorful and soft for toddlers
P00981,Girls' Summer Dress,Clothing,Children,SUP93,24.99,"Light fabric, Sizes 4-10",4.5,Cute and comfortable for summer
P00982,Boys' Cargo Shorts,Clothing,Children,SUP93,22.99,"Durable, Multiple pockets, Sizes 4-12",4.6,Practical for active boys
P00983,Educational Toy Robot,Toys,Education,SUP93,49.99,"Interactive, Teaches coding",4.8,Fun and educational for kids
P00984,Kids' Puzzle Set,Toys,Education,SUP93,14.99,"Age 3+, Assorted designs",4.7,Great for cognitive development
P00985,Toddler Activity Book,Toys,Education,SUP93,9.99,"Coloring, Stickers, Ages 2-4",4.6,Creative and engaging
P00986,Girls' Leggings Pack,Clothing,Children,SUP93,29.99,"Stretchable, Pack of 3, Sizes 3-8",4.5,Stylish and versatile for girls
P00987,Boys' Graphic Tees,Clothing,Children,SUP93,27.99,"Cotton, Fun prints, Sizes 4-12",4.6,Cool designs kids love
P00988,Plush Toy Collection,Toys,Children,SUP93,34.99,"Soft, Assorted animals",4.7,Adorable and huggable for children
P00989,Performance Running Shorts,Clothing,Sportswear,SUP19,29.99,"Moisture-wicking, Sizes S-XL",4.5,Comfortable for long runs
P00990,Yoga Mat,Sports,Fitness Equipment,SUP19,34.99,"Non-slip, Eco-friendly material",4.7,Durable and provides great grip
P00991,Fitness Tracker,Clothing,Sportswear,SUP19,59.99,"Heart rate monitor, Waterproof",4.6,Accurate and user-friendly
P00992,Compression Leggings,Clothing,Sportswear,SUP19,39.99,"Supportive, Quick-dry, Sizes S-XL",4.4,Ideal for workouts and recovery
P00993,Adjustable Dumbbells,Sports,Fitness Equipment,SUP19,69.99,"5-25 lbs, Easy to adjust",4.8,Versatile and space-saving
P00994,Gym Towel Set,Clothing,Sportswear,SUP19,17.99,"Quick-drying, Pack of 3",4.3,Soft and absorbent
P00995,Fitness Jump Rope,Sports,Fitness Equipment,SUP19,14.99,"Adjustable, Lightweight",4.5,Effective for cardio workouts
P00996,Workout Tank Top,Clothing,Sportswear,SUP19,22.99,"Breathable mesh, Sizes M-XL",4.2,Lightweight and keeps you cool
P00997,Exercise Yoga Ball,Sports,Fitness Equipment,SUP19,24.99,"Anti-burst, Includes pump",4.6,Great for balance and core exercises
P00998,Cycling Gloves,Clothing,Sportswear,SUP19,19.99,"Padded, Breathable, Sizes S-L",4.4,Provides grip and comfort
P00999,Gluten-Free Oatmeal,Grocery,Breakfast,SUP54,5.99,"Whole grain, 500g",4.7,Healthy and hearty breakfast option
P01000,Almond Butter,Grocery,Food Items,SUP54,10.99,"Natural, Creamy, 16 oz",4.8,Delicious and nutritious spread
P01001,Vegan Protein Powder,Grocery,Health Foods,SUP54,19.99,"Plant-based, 20g protein, 1 lb",4.6,Great for smoothies and workouts
P01002,Organic Quinoa,Grocery,Food Items,SUP54,7.99,"Whole grain, 1 lb",4.5,Versatile and nutritious grain
P01003,Energy Bars Box,Grocery,Snacks,SUP54,12.99,"Assorted flavors, Box of 10",4.7,Perfect on-the-go snack
P01004,Organic Apple Cider Vinegar,Grocery,Health Foods,SUP54,8.99,"Raw, Unfiltered, 16 oz",4.6,Multiple health benefits
P01005,Natural Peanut Butter,Grocery,Food Items,SUP54,9.99,"No added sugar, Creamy, 16 oz",4.7,Tasty and healthy
P01006,Whole Grain Bread,Grocery,Bakery,SUP54,3.99,"Organic, High fiber, 1 loaf",4.5,Nutritious and delicious
P01007,Organic Pasta Sauce,Grocery,Food Items,SUP54,6.99,"Tomato basil, No added sugar, 24 oz",4.6,"Rich flavor, healthy choice"
P01008,Frozen Mixed Berries,Grocery,Frozen Foods,SUP54,5.99,"Organic, 1 lb",4.7,Great for smoothies and desserts
